1465
1	1	4	2	3	6.90406995785348	0.07063642486312617
2	7	8	2	13	0.31793613989335556	0.006627819181901706
3	5	19	11	13	0.19476342976590869	0.0045472887914752794
4	1	23	11	13	0.0502810606439982	0.0016056085838357568
5	3	21	11	13	0.09838700382433599	0.002690049152980956
6	9	16	12	13	0.9453467547705798	0.0153175579819736
7	11	14	12	13	8.218862284386756	0.08076611920401197
8	7	18	12	13	0.2399074819945935	0.005337694515959727
9	23	28	2	49	0.00961081387784665	0.0004499572865049509
10	35	38	24	49	0.027571060682409616	0.0010116488202198503
11	17	75	43	49	0.006868416687401509	0.0003475407977711089
12	15	77	43	49	0.00592220743648028	0.00031011165176690354
13	13	79	43	49	0.005240173552701759	0.00028227180773105436
14	23	70	44	49	0.008661998638812306	0.0004154011236935747
15	21	72	44	49	0.0072146167653441215	0.00036093086302696085
16	19	74	44	49	0.00620907210454677	0.00032159618373383154
17	47	48	46	49	6.902536597684177	0.07062436416825164
18	35	60	46	49	0.020892172079124506	0.0008173663980041951
19	31	64	46	49	0.011034917304043823	0.0005003847087943807
20	33	62	46	49	0.014401533119040985	0.0006140499700189004
21	45	52	48	49	0.33233561410084983	0.006857398206541319
22	47	50	48	49	4.642377756471716	0.052061993775413144
23	43	54	48	49	0.06454481481351815	0.0019454386838512873
24	27	67	45	49	0.009002804937180454	0.0004279095276841236
25	25	69	45	49	0.006493350968281045	0.0003328567320192418
26	37	59	47	49	0.02081053426426492	0.0008149099107841656
27	39	57	47	49	0.03563005537988505	0.0012320880586037413
28	41	55	47	49	0.07782491176233071	0.002246390634703503
29	1	8	4	5	0.5374352331606218	0.009922895987651554
30	3	6	4	5	4.952913279132791	0.054719062920192435
31	32	38	4	66	0.006348447627964049	0.00032713154371779825
32	44	48	26	66	0.009979178029335997	0.00046315755960704924
33	56	58	48	66	0.03325785625891739	0.001168526538873291
34	40	87	61	66	0.008243124250768894	0.00039987019347916073
35	38	89	61	66	0.006957158549981693	0.00035098767133475415
36	36	91	61	66	0.005869674695557103	0.0003079947300061204
37	52	77	63	66	0.021385640257108263	0.0008321680288589308
38	50	79	63	66	0.014583177325891714	0.0006199953483042449
39	48	81	63	66	0.010718041548142402	0.0004893012800346617
40	64	67	65	66	6.3525046382189245	0.06625673455047344
41	60	71	65	66	0.07867217353613759	0.0022651679356861182
42	34	92	60	66	0.006734839455029889	0.0003423329489847061
43	32	94	60	66	0.0058767046558681315	0.0003082782707579198
44	30	96	60	66	0.005230324955341259	0.00028186387916140083
45	46	82	62	66	0.011390853896284744	0.0005127470166945154
46	44	84	62	66	0.009294522512188128	0.0004385294524748431
47	42	86	62	66	0.007762526822256995	0.00038182374636248467
48	58	72	64	66	0.06651436816159673	0.001990916692308056
49	56	74	64	66	0.033188084558445664	0.0011666414903794924
50	54	76	64	66	0.019855535185176323	0.0007860054247446198
51	15	18	4	29	0.040353716339650667	0.0013558341972452015
52	13	42	26	29	0.018895220645763332	0.0007566139119794884
53	27	28	26	29	3.6832793552930694	0.043576812905717556
54	15	40	26	29	0.026809831443613683	0.0009901068571184614
55	11	44	26	29	0.013585551885917667	0.0005871239469828761
56	27	30	28	29	6.210658082975679	0.06511641273181938
57	23	34	28	29	0.11848170047034622	0.003103201269378566
58	9	45	25	29	0.015807282059825702	0.0006596279923128332
59	5	49	25	29	0.00884648242103268	0.0004221859657864964
60	7	47	25	29	0.011565984700917973	0.0005187967333314939
61	19	37	27	29	0.0408568655335094	0.001368811665268542
62	21	35	27	29	0.09102629168781318	0.0025339517967261998
63	17	39	27	29	0.023326380729785875	0.000889636835509479
64	5	8	6	7	5.288729421696918	0.057549458264684474
65	1	12	6	7	0.24855352802218494	0.005484971169972354
66	3	10	6	7	0.83000627090301	0.013859476203859446
67	7	8	6	9	8.624797345575239	0.08381562623643002
68	5	12	8	9	0.7488776107749365	0.012805769776246373
69	7	10	8	9	5.601253918495297	0.060146388214738694
70	3	14	8	9	0.2306510131977122	0.005178652086374857
71	1	15	7	9	0.2805843906189927	0.006020670710453729
72	24	28	6	46	0.01116586450004006	0.0005049433063445904
73	36	38	28	46	0.03812929360486931	0.001298003675608996
74	20	67	41	46	0.00914301103957231	0.00043302348126426655
75	18	69	41	46	0.0075681698166857195	0.00037445282217963546
76	16	71	41	46	0.006699268943835924	0.00034094212962492885
77	30	59	43	46	0.01594741634829446	0.0006641189194243922
78	32	57	43	46	0.022903517999064982	0.0008772124647228195
79	28	61	43	46	0.011527577877345863	0.0005174718323671339
80	14	72	40	46	0.00714871674674792	0.0003583936911023698
81	12	74	40	46	0.006196905187476152	0.00032111161357582097
82	10	76	40	46	0.005356283675920941	0.00028706783232166353
83	24	64	42	46	0.010056278125035067	0.0004659060579892564
84	26	62	42	46	0.0126724788527578	0.0005565459422647055
85	22	66	42	46	0.00825388387205081	0.0004002713853588432
86	38	52	44	46	0.07267177441925553	0.0021311416640064544
87	34	56	44	46	0.020699532855565084	0.0008115662927048226
88	36	54	44	46	0.03587805206387669	0.0012386754877978972
89	44	47	45	46	5.389251439539347	0.05838852503483301
90	40	51	45	46	0.06749294297305218	0.0020133963759245295
91	2	16	8	10	0.23420714761664851	0.005239924222883743
92	4	15	9	10	0.26378866675064333	0.005741644645764496
93	6	13	9	10	0.821872812449518	0.013754949340039633
94	8	11	9	10	8.500927643784786	0.08288866945066041
95	33	38	8	63	0.007646035875977635	0.00037741106050801035
96	57	58	52	63	0.07338411059361785	0.0021471827784087846
97	31	89	57	63	0.006898412629191924	0.00034870703307325124
98	29	91	57	63	0.005552143712419428	0.0002951039708704584
99	27	93	57	63	0.0050490086078243835	0.0002743215838479167
100	43	79	59	63	0.010862692130660169	0.0004943700212140647
101	41	81	59	63	0.008858616860021987	0.00042263108619623377
102	39	83	59	63	0.007279700811649875	0.00036343136519609797
103	55	69	61	63	0.05586053512155134	0.0017408956489319701
104	53	71	61	63	0.027452696720192182	0.001008308368777366
105	51	73	61	63	0.015775754990401864	0.0006586163682118238
106	59	60	56	63	0.26668875586967145	0.005790110412848261
107	37	84	58	63	0.0081724717539259	0.00039723277009388755
108	35	86	58	63	0.006977080582664709	0.00035176007343052295
109	33	88	58	63	0.006073765056495662	0.000316194852701674
110	49	74	60	63	0.019425255535259676	0.0007728778421877997
111	47	76	60	63	0.013927255447272273	0.0005984438735014347
112	61	64	62	63	4.8841747984726345	0.05413431103907886
113	57	68	62	63	0.05373823975214172	0.0016898215487684473
114	16	18	8	26	0.06693016775927085	0.0020004776623138505
115	6	42	22	26	0.015085851198843554	0.0006363599688522127
116	2	46	22	26	0.00862326327674176	0.00041397231019098203
117	4	44	22	26	0.011373195121982638	0.0005121358231282359
118	16	34	24	26	0.05305614640606814	0.0016733082095835665
119	18	32	24	26	0.10860182458571511	0.002902282964165788
120	14	36	24	26	0.031218455743879475	0.0011130399292214376
121	12	37	23	26	0.03082188410845619	0.0011021542589387538
122	8	41	23	26	0.01514158443481533	0.0006381665417988499
123	10	39	23	26	0.021504119586402026	0.0008357100177091645
124	24	27	25	26	4.665829145728643	0.05226405787844781
125	20	31	25	26	0.12655524681942235	0.0032645161085150475
126	9	12	10	11	5.987646881590841	0.0633113210107776
127	5	16	10	11	0.16752967778405878	0.004050077009807675
128	1	19	9	11	0.09093959533999328	0.002532096242655771
129	3	17	9	11	0.21257161698935345	0.004863668364808575
130	2	20	10	12	0.07876628593384331	0.002267250793031665
131	4	18	10	12	0.18705232144401066	0.00440823854815453
132	10	13	11	12	6.404148334380893	0.0666704376603102
133	6	17	11	12	0.1822862381173634	0.004321632515880985
134	37	38	32	43	0.06460828670590402	0.0019469092404618374
135	11	69	37	43	0.00745512082437198	0.00037014537034652585
136	9	71	37	43	0.006419208654208483	0.0003299310728480323
137	7	73	37	43	0.005558049400792712	0.00029534525289305326
138	23	59	39	43	0.013680047632181079	0.000590260913180172
139	19	63	39	43	0.00933093182043163	0.0004398494744456165
140	21	61	39	43	0.010960257530901081	0.0004977800213119971
141	35	49	41	43	0.0677507704308841	0.0020193065735203027
142	31	53	41	43	0.021674621099319287	0.000840799324589688
143	33	51	41	43	0.035283121960615754	0.0012228547900374758
144	17	64	38	43	0.010565346394003847	0.0004839334517625253
145	13	68	38	43	0.007174492866704388	0.00035938672131965294
146	15	66	38	43	0.008291649997579267	0.0004016786076853432
147	27	56	40	43	0.016553977126897153	0.0006834536715797109
148	29	54	40	43	0.02268084097988509	0.0008706485741125291
149	25	58	40	43	0.02588098389765156	0.0009636287349486163
150	37	48	42	43	0.06972142880229835	0.0020643101549860207
151	41	44	42	43	4.83524561149874	0.05371691560483563
152	16	19	17	18	5.155383041854938	0.05643068516752269
153	12	23	17	18	0.12113768870158101	0.0031565423095852724
154	14	21	17	18	0.5155139193409076	0.009610251661107953
155	10	24	16	18	0.14850766578971242	0.003691678889516751
156	6	28	16	18	0.03490797008662866	0.0012128468573603646
157	28	33	7	54	0.009482389784327826	0.0004453278807735163
158	22	80	48	54	0.00715412441743797	0.00035860209124091935
159	20	82	48	54	0.006095366026729904	0.000317058994845517
160	18	84	48	54	0.005463061643038178	0.00029145720102011994
161	34	70	50	54	0.013773460532020769	0.0005933570111684529
162	32	72	50	54	0.010743876536695476	0.0004902077256084998
163	30	74	50	54	0.00873501649236203	0.00041809049069583274
164	46	60	52	54	0.07969951656325687	0.0022878736677903575
165	42	64	52	54	0.02336264472362139	0.0008906998923426004
166	44	62	52	54	0.03730954411169393	0.0012764966877320317
167	28	75	49	54	0.009201944217717088	0.00043516761869786337
168	26	77	49	54	0.007791452303019056	0.0003829170656757875
169	24	79	49	54	0.00658023640985247	0.00033627542601539205
170	38	67	51	54	0.018114607230771806	0.0007324672484069635
171	52	53	51	54	4.06152306347969	0.04697781433263076
172	40	65	51	54	0.026520581093457236	0.0009818844465146993
173	36	69	51	54	0.013296747933781534	0.0005775050644083549
174	48	59	53	54	0.09643938219059271	0.002649017262305234
175	52	55	53	54	9.293929712460065	0.08877113718756832
176	20	23	9	34	0.03040364761373341	0.0010906387474230407
177	2	60	28	34	0.006686248279804119	0.0003404325905179312
178	12	52	30	34	0.0110427192645879	0.0005006566635622256
179	14	50	30	34	0.01401875938991752	0.0006014642565589787
180	10	54	30	34	0.008855257049928218	0.00042250785440266827
181	24	42	32	34	0.04095737279094578	0.0013713995571847256
182	26	40	32	34	0.08941790085794966	0.002499460512622375
183	22	44	32	34	0.024303922607068457	0.0009181614918027692
184	4	59	29	34	0.00660614966751187	0.00033729301326737766
185	6	57	29	34	0.00798052423316125	0.00039004065140353016
186	8	55	29	34	0.010132067379505155	0.0004686030817156797
187	20	45	31	34	0.026416047969306997	0.0009789078296423286
188	16	49	31	34	0.012357968558027748	0.000545896545277355
189	18	47	31	34	0.016513371323038043	0.0006821644974277741
190	32	33	31	34	5.735624828021474	0.06125257514948735
191	30	37	33	34	0.4400032148310874	0.008508551354982635
192	32	35	33	34	5.940150614347998	0.06292488502001174
193	28	39	33	34	0.08909484767885052	0.002492515533538859
194	49	53	31	71	0.009394130619138933	0.0004421379278717442
195	39	97	65	71	0.007220838184088992	0.00036117011216029083
196	37	99	65	71	0.006380061732650138	0.0003283831842913278
197	35	101	65	71	0.00556531114608149	0.00029564185655161753
198	67	68	64	71	0.321709447855859	0.006688207513927773
199	43	94	66	71	0.007315161183848608	0.00036479156111365196
200	41	96	66	71	0.006320401199577803	0.00032601994485564683
201	51	87	67	71	0.012394599592123367	0.0005471400780360828
202	49	89	67	71	0.009851462576090899	0.0004585938662864119
203	47	91	67	71	0.007883781403867062	0.00038640064608915604
204	57	82	68	71	0.020129168242987622	0.0007943195648391806
205	55	84	68	71	0.014316861839301481	0.0006112726852592335
206	53	86	68	71	0.010770816829965975	0.0004911524152184167
207	63	77	69	71	0.05629781774915083	0.0017513628691106274
208	61	79	69	71	0.029586920165061373	0.001068045031941811
209	59	81	69	71	0.017978845543151673	0.0007282434098787608
210	69	72	70	71	4.890452876376989	0.05418779666421371
211	65	76	70	71	0.05486630879671541	0.001717026016336784
212	12	15	13	14	5.718369376087497	0.061110860531900686
213	8	19	13	14	0.15567535856614004	0.0038279063464503947
214	6	20	12	14	0.18788528206744406	0.004423321859003019
215	2	24	12	14	0.049361577514619615	0.0015829883708547343
216	4	22	12	14	0.09345514361015819	0.0025857719428640314
217	29	33	11	51	0.011614811332003337	0.0005204796135029833
218	25	72	46	51	0.008068283456671965	0.00039333382526814223
219	23	74	46	51	0.006796118875313742	0.000344725020505633
220	21	76	46	51	0.005835512948365601	0.0003066157574019287
221	35	64	48	51	0.013870309594371584	0.0005965618759104687
222	37	62	48	51	0.02040718784896074	0.00080274026418228
223	33	66	48	51	0.010199209444115856	0.0004709884930069267
224	49	52	50	51	4.772710951526032	0.05318203213894747
225	47	54	50	51	0.2755933906010535	0.0059381693264512845
226	19	77	45	51	0.004449892114890269	0.0002489362457687243
227	17	79	45	51	0.0040890086655798324	0.00023326538120822278
228	15	81	45	51	0.0027612871344926027	0.00017249278310471278
229	31	67	47	51	0.012058830516482735	0.0005357093571679049
230	29	69	47	51	0.009364014932878839	0.00044104787248270215
231	27	71	47	51	0.007773127301820297	0.0003822245302655683
232	41	59	49	51	0.03009046447405014	0.0010819917327686138
233	43	57	49	51	0.06218752803947959	0.0018905832072046741
234	39	61	49	51	0.017569944555171937	0.0007154767390565343
235	5	23	13	15	0.06718373468596754	0.0020063014816812026
236	7	21	13	15	0.14875151968577574	0.003696338137392387
237	3	25	13	15	0.038517274692919906	0.001308145406615853
238	1	26	12	15	0.04527150098055761	0.0014811523754420977
239	13	16	14	15	6.420488641234461	0.06680117438557152
240	9	20	14	15	0.14795483596080103	0.0036811095669834998
241	11	18	14	15	0.6033785677114607	0.010846245634997321
242	21	23	13	31	0.05195487567354956	0.0016465425617436483
243	5	52	26	31	0.009842530504561945	0.0004582741838799363
244	1	56	26	31	0.006668375535231524	0.0003397328005716038
245	3	54	26	31	0.007958999556559102	0.00038923165960439023
246	17	42	28	31	0.02994214882291028	0.001077889470401164
247	13	46	28	31	0.0153217025387443	0.0006439945309567335
248	15	44	28	31	0.02040877336735928	0.0008027882102222214
249	27	34	30	31	0.4477223144801537	0.0086230721646137
250	29	32	30	31	5.29155585106383	0.05757310083403553
251	25	36	30	31	0.09882772281996786	0.0026993079199851434
252	9	49	27	31	0.011978142569799623	0.0005329515559946003
253	11	47	27	31	0.015301582165104534	0.0006433442955173132
254	7	51	27	31	0.0093316919623953	0.00043987702073796774
255	23	37	29	31	0.1070116339642299	0.0028695576109741897
256	19	41	29	31	0.02757770445113248	0.0010118362213413477
257	21	39	29	31	0.04897909650799429	0.0015735503229098405
258	2	27	13	16	0.040164747081117044	0.0013509505621918515
259	12	19	15	16	0.6585208727022849	0.011600504165285134
260	14	17	15	16	7.3032963095664645	0.07375596195923569
261	10	21	15	16	0.192718730220556	0.004510543880141836
262	4	26	14	16	0.04255948585856009	0.001412455966882494
263	6	24	14	16	0.07852331138538134	0.0022618722021377864
264	8	22	14	16	0.17280511473912546	0.00414776913368591
265	42	89	63	68	0.008912356512851074	0.00042460069462088205
266	40	91	63	68	0.00755925197604861	0.0003741135731521648
267	38	93	63	68	0.006433662487699129	0.00033050203231267325
268	54	79	65	68	0.02303371975350682	0.0008810436048166565
269	52	81	65	68	0.016035374968277154	0.0006669330937079842
270	50	83	65	68	0.01562670920322625	0.0006538275149911337
271	36	94	62	68	0.006812144479997334	0.00034534976355552523
272	34	96	62	68	0.005901513077766142	0.00030927824774723247
273	32	98	62	68	0.005356703229773516	0.0002870851184691309
274	48	84	64	68	0.012416435545152862	0.0005478809501454795
275	46	86	64	68	0.009848151192834177	0.00045847535837850945
276	44	88	64	68	0.008265202420859435	0.0004006932873631223
277	60	74	66	68	0.05927509967379486	0.0018221396408288353
278	58	76	66	68	0.03146982154287588	0.0011199232154896336
279	56	78	66	68	0.019759779125773362	0.0007830897018162628
280	66	69	67	68	5.3421934865900385	0.05799618252917857
281	62	73	67	68	0.06414173876710258	0.0019360921428872061
282	9	23	15	17	0.1726228425042599	0.004144405374033602
283	5	27	15	17	0.039879935504923504	0.0013435799683168704
284	7	25	15	17	0.07812687483270722	0.002253088237533307
285	3	28	14	17	0.042313566312488254	0.0014061774683423226
286	13	20	16	17	0.5979198082202374	0.010770730724263088
287	15	18	16	17	5.770581527936146	0.06153936392188422
288	11	22	16	17	0.14393395892520638	0.003603958543078368
289	22	69	43	48	0.009127225282283734	0.0004324486136497596
290	20	71	43	48	0.0075955520447226095	0.0003754939092571775
291	18	73	43	48	0.007005461690679324	0.00035285956439674865
292	16	74	42	48	0.006922833702218302	0.0003496556529483379
293	14	76	42	48	0.006235781225555258	0.0003226591551472149
294	12	78	42	48	0.0054388264643021175	0.00029046270857412034
295	28	64	44	48	0.012467017808593769	0.0005495959999346619
296	24	68	44	48	0.007802025029872336	0.0003833164570561991
297	38	56	46	48	0.03405677294694478	0.0011900465848054276
298	40	54	46	48	0.07010602415666393	0.0020730585772300654
299	36	58	46	48	0.019609050551338967	0.0007784934634203349
300	34	59	45	48	0.0200583066449913	0.0007921690084796664
301	32	61	45	48	0.012047792345912888	0.0005353323404644337
302	42	53	47	48	0.08662362828435563	0.0024391947386848824
303	22	23	17	28	0.10913333027067904	0.0029131963296336045
304	4	48	24	28	0.00924704540187882	0.000436806368734728
305	8	44	24	28	0.015722385539716086	0.0006569028108638623
306	20	34	26	28	0.09543474713494922	0.0026277771320811568
307	16	38	26	28	0.02407177220726009	0.0009114117546983286
308	18	36	26	28	0.0402293518351165	0.0013526207743853383
309	12	41	25	28	0.01899690457796627	0.0007597421403976755
310	14	39	25	28	0.027694333764233553	0.0010151242929196717
311	24	31	27	28	0.29383737800052756	0.006238118739808461
312	22	33	27	28	0.0796554580928319	0.0022869013079703975
313	1	37	17	21	-25.672364672364676	0.1938661183933883
314	13	27	19	21	0.11325856642581673	0.002997487371898051
315	9	31	19	21	0.029570736441022646	0.0010675958842082517
316	11	29	19	21	0.05245958922724507	0.0016588254067319162
317	5	34	18	21	0.022182798137887084	0.0008559134042333688
318	7	32	18	21	0.035209903461075845	0.0012209034792031207
319	3	36	18	21	-24.151874521805663	0.1849771544559402
320	15	26	20	21	0.08605679879142258	0.002426915106898512
321	19	22	20	21	3.5528159525734306	0.042385285182371175
322	9	27	17	19	0.06581223494963788	0.0019747402640597337
323	11	25	17	19	0.14340562801550633	0.003593784336338049
324	7	29	17	19	0.03546547135241916	0.0012277104318446932
325	5	30	16	19	0.036039626644646564	0.0012429616581672875
326	1	34	16	19	0.015624265264997769	0.0006537489032864984
327	3	32	16	19	0.023908190236031024	0.0009066465944258589
328	17	20	18	19	5.8035969752707945	0.061809857761294336
329	13	24	18	19	0.17970409216567992	0.004274493223149924
330	15	22	18	19	0.6155517616017384	0.01101408030057922
331	6	31	17	20	0.03702088123596807	0.0012688973856179475
332	2	35	17	20	-20.68673519334312	0.16421462402561043
333	4	33	17	20	0.02449037185326942	0.0009235716833043469
334	18	21	19	20	6.48337374437132	0.06730359466013404
335	14	25	19	20	0.15139920102300775	0.003746813713374697
336	12	26	18	20	0.1483647048383439	0.003688946552273146
337	8	30	18	20	0.03932751519584057	0.0013292491448225463
338	10	28	18	20	0.07398676217245444	0.002160725800429303
339	50	53	39	64	0.02101070962723987	0.0008209292540426497
340	38	85	59	64	0.007989094252290524	0.00039036260984477315
341	36	87	59	64	0.007078462041767646	0.0003556828982164924
342	34	89	59	64	0.00615116766153524	0.0003192880585524003
343	50	75	61	64	0.01801654287643484	0.0007294169924714339
344	48	77	61	64	0.012339508187802621	0.0005452695385707887
345	46	79	61	64	0.009304630540392399	0.00043889603943716586
346	60	67	63	64	0.2561371999726693	0.0056131781346168115
347	62	65	63	64	5.4858528698464015	0.05919146242130942
348	58	69	63	64	0.06234994736323909	0.0018943780400552776
349	32	90	58	64	0.006436144016174603	0.0003306000285118973
350	30	92	58	64	0.005483031924030134	0.0002922759165396719
351	28	94	58	64	0.004834403199169651	0.0002653130323455488
352	44	80	60	64	0.011448300926767218	0.0005147338211929964
353	42	82	60	64	0.008925470432744357	0.0004250809146874561
354	40	84	60	64	0.007295298147755176	0.000364029839180681
355	56	70	62	64	0.06265022186614076	0.0019013877666576723
356	54	72	62	64	0.03021559251769124	0.0010854490137908028
357	52	74	62	64	0.01670037692724752	0.0006880955953168705
358	4	37	19	22	0.014943895692450653	0.0006317515407950642
359	6	35	19	22	0.022191553887410866	0.0008561731093382979
360	8	33	19	22	0.034560864641142185	0.0012035649482144103
361	20	23	21	22	7.387508626639061	0.07440889802540977
362	16	27	21	22	0.1327378901522179	0.0033864415956156345
363	18	25	21	22	0.5929083874845058	0.010701263705033904
364	2	38	18	22	-23.53596087456847	0.1813399081150084
365	12	30	20	22	0.04738153868222243	0.001533942874236755
366	14	28	20	22	0.11197309289493144	0.0029712986013691054
367	10	32	20	22	0.028995971439058764	0.0010516072536600218
368	1	41	19	23	0.010707523355949839	0.0004889320944086134
369	3	39	19	23	0.015114998662444553	0.0006373049656238977
370	15	29	21	23	0.11053477130115917	0.0029419133083513358
371	11	33	21	23	0.030531208154514395	0.0010941547946530486
372	5	38	20	23	0.015384177823730943	0.0006460123044943451
373	7	36	20	23	0.019878785855939298	0.0007867129046869107
374	19	26	22	23	0.4857754326408619	0.00918114617288617
375	21	24	22	23	5.081702499442674	0.05580964177516332
376	47	53	19	81	0.005756995547686097	0.00030343922231473365
377	49	107	75	81	0.006192998496331502	0.0003209559756714054
378	47	109	75	81	0.005337254060671981	0.00028628345856195644
379	55	102	76	81	0.008196478810735723	0.00039812953103853275
380	53	104	76	81	0.006750031064572891	0.0003429264282416367
381	51	106	76	81	0.005707676772420919	0.00030143883984798294
382	61	97	77	81	0.012081410024974416	0.0005364803281646176
383	59	99	77	81	0.00972324282344697	0.00045399836932709565
384	57	101	77	81	0.00797385820944315	0.0003897901669744642
385	67	92	78	81	0.019410726555027145	0.0007724334051056615
386	65	94	78	81	0.01358623053278965	0.000587146493908143
387	63	96	78	81	0.010284624710297357	0.0004740178711212644
388	73	87	79	81	0.049773586783439495	0.0015931361562207243
389	71	89	79	81	0.02715268395571803	0.000999826482845698
390	69	91	79	81	0.016928474780173827	0.0006953092383098186
391	79	82	80	81	3.659730722154223	0.043362473642448295
392	75	86	80	81	0.035407002264844625	0.0012261541335973462
393	30	33	19	44	0.023718634228394445	0.0009011153661540706
394	16	67	39	44	0.008152023664713038	0.00039646847056822704
395	18	65	39	44	0.009696735801608446	0.00045304659368160846
396	14	69	39	44	0.006902223851533749	0.00034885512847071954
397	26	59	41	44	0.011686165281153247	0.0005229359917717775
398	28	57	41	44	0.015728220783165534	0.0006570902311074188
399	30	55	41	44	0.024060579038541658	0.0009110859356763875
400	42	45	43	44	6.304136253041362	0.06586856322796393
401	38	49	43	44	0.07398566962190121	0.002160701271341856
402	12	70	38	44	0.0076190157636456595	0.0003763853221888893
403	10	72	38	44	0.006495089097906017	0.00033292522572490256
404	8	74	38	44	0.005647744892375046	0.0002990025979124824
405	24	60	40	44	0.013041085237354597	0.0005689496064222207
406	20	64	40	44	0.008654254613933932	0.00041511559176851903
407	22	62	40	44	0.010519944191677226	0.00048233393646140695
408	34	52	42	44	0.036007292616226066	0.0012421042733253057
409	36	50	42	44	0.07264726039750387	0.0021305889868235856
410	32	54	42	44	0.020454016997551994	0.0008041560139182882
411	31	33	23	41	0.03706854538505631	0.0012701531277020447
412	9	67	35	41	0.008331697528844686	0.0004031692205258071
413	7	69	35	41	0.0070175075829145015	0.0003533259136550874
414	5	71	35	41	0.0059507228473038055	0.0003112589232881578
415	19	59	37	41	0.011197330284869689	0.0005060368621456864
416	21	57	37	41	0.014165984485245389	0.0006063143507534029
417	17	61	37	41	0.009149516456809224	0.0004332603212980264
418	31	49	39	41	0.04065834865576068	0.0013636958606107685
419	33	47	39	41	0.08008975619595088	0.0022964807463232836
420	29	51	39	41	0.024115055599944292	0.0009126713501949966
421	13	64	36	41	0.00900035886379886	0.0004278201455510585
422	15	62	36	41	0.010439079673209067	0.00047948112624454306
423	11	66	36	41	0.007583310340599037	0.00037502858051652424
424	27	52	38	41	0.028262063314230146	0.0010310846018227707
425	23	56	38	41	0.013954931673883623	0.0005993578994462062
426	25	54	38	41	0.018932842529271875	0.000757771773059854
427	39	42	40	41	4.998191681735985	0.055103216551048495
428	35	46	40	41	0.07185461526714226	0.0021126951825248715
429	37	44	40	41	0.35964271069193604	0.007286579025675704
430	2	5	3	4	8.87109174782163	0.08564964785171722
431	8	37	21	24	0.020840950639853747	0.0008158254015195431
432	10	35	21	24	0.03214109717861593	0.001138243205331827
433	6	39	21	24	0.01410050736262733	0.0006041587585140781
434	2	42	20	24	0.010192439827301536	0.0004707481482337947
435	4	40	20	24	0.014020975640971529	0.0006015373544306541
436	16	30	22	24	0.0867392024743179	0.00244169622121038
437	12	34	22	24	0.024805471993008758	0.0009326933493142381
438	14	32	22	24	0.04235204488000831	0.0014071604088353312
439	20	27	23	24	0.4643059972739663	0.008867579392212513
440	22	25	23	24	4.56125786163522	0.05136121002549074
441	18	29	23	24	0.09019241740573622	0.00251608745458712
442	5	41	21	25	0.015103888283729019	0.0006369448031643514
443	1	45	21	25	0.010791295121715965	0.0004918701424754973
444	3	43	21	25	0.01152489513993176	0.0005173792492123164
445	9	38	22	25	0.020572551930164787	0.0008077362456385062
446	11	36	22	25	0.03022675440053625	0.0010857572550001717
447	7	40	22	25	0.013968508609366312	0.0005998061335650787
448	23	26	24	25	5.947921225382932	0.06298815649556158
449	19	30	24	25	0.1252357910276388	0.003238319056617704
450	17	31	23	25	0.09538553548845294	0.0026267353682684173
451	13	35	23	25	0.02921962016278738	0.0010578372754457479
452	15	33	23	25	0.046708093522007776	0.0015171543309134116
453	51	53	43	61	0.03269635045859646	0.001153329992788589
454	29	87	55	61	0.007808049671613815	0.0003835439856920191
455	27	89	55	61	0.007223159078133783	0.0003612593516013324
456	25	91	55	61	0.005136763024333488	0.0002779796277370113
457	41	77	57	61	0.012456803871823657	0.0005492498145164269
458	39	79	57	61	0.009870651309845173	0.00045928041219546174
459	37	81	57	61	0.008305681954871776	0.00040220108151931363
460	53	67	59	61	0.06768595893944084	0.0020178213850830383
461	51	69	59	61	0.033175949439910576	0.0011663135377723121
462	49	71	59	61	0.01973131319009532	0.0007822222991834208
463	35	82	56	61	0.00822645403762425	0.0003992483752784411
464	33	84	56	61	0.007341219588504343	0.00036579014266092925
465	31	86	56	61	0.006868356739438019	0.00034753846583039763
466	47	72	58	61	0.02144366654102119	0.0008339033141657644
467	43	76	58	61	0.011035181533131115	0.000500393919816859
468	57	64	60	61	0.34963325183374083	0.007130167808873815
469	59	62	60	61	6.616691073135775	0.06836502665834526
470	55	66	60	61	0.07725241187786569	0.0022336759424164353
471	6	64	32	38	0.0076445176562994314	0.00037735344805693496
472	2	68	32	38	0.005425737049121468	0.0002899251573647417
473	32	33	27	38	0.09513571657287162	0.0026214450205134334
474	12	59	33	38	0.01050229704149281	0.00048171179847570527
475	10	61	33	38	0.00868061121762605	0.0004160871515748148
476	20	53	35	38	0.017817376135680768	0.0007232101323203947
477	22	51	35	38	0.020362704538286227	0.0008013947384865884
478	34	41	37	38	0.30031255292614206	0.006343531593651043
479	36	39	37	38	4.2429446936475275	0.0485828254520879
480	16	56	34	38	0.012166708059878482	0.0005393898059474362
481	18	54	34	38	0.014953882286487249	0.0006320760744969288
482	14	58	34	38	0.009584302997800727	0.00044900280529754533
483	26	48	36	38	0.02432884044047472	0.0009188850858574298
484	30	44	36	38	0.08234821855909917	0.0023461045560381017
485	2	9	5	6	1.0147155003270112	0.016174522801878734
486	4	7	5	6	10.282780410742497	0.09594650287946058
487	33	80	54	59	0.008868310388122221	0.0004229865668274911
488	31	82	54	59	0.007420698555560486	0.0003688308030582031
489	29	84	54	59	0.006489004248964426	0.0003326854242111246
490	27	85	53	59	0.0075915391637095654	0.00037534139169968317
491	25	87	53	59	0.006748845857415124	0.0003428801377556474
492	23	89	53	59	0.005968968846598125	0.0003119923545555922
493	39	75	55	59	0.01333785106543182	0.0005788769683338159
494	37	77	55	59	0.010687741346140539	0.00048823752407741626
495	35	79	55	59	0.00838696766266281	0.0004052237176922482
496	49	67	57	59	0.035376127476566176	0.001225332085615901
497	51	65	57	59	0.07237915266474725	0.0021245415853542683
498	47	69	57	59	0.02000744585331669	0.0007906243673152881
499	43	72	56	59	0.015201451928500084	0.0006401054131956659
500	41	74	56	59	0.011222664457022887	0.0005069168047399896
501	57	60	58	59	6.427174292699965	0.06685464324922448
502	53	64	58	59	0.06992726695782152	0.0020689937565068054
503	55	62	58	59	0.3083165678864663	0.006473110145482355
504	54	58	36	76	0.009682005174301709	0.00045251740768777177
505	44	102	70	76	0.007131498793162967	0.0003577299047590286
506	42	104	70	76	0.005950534298517752	0.0003112513415131603
507	40	106	70	76	0.005306047358689596	0.0002849957608598201
508	50	97	71	76	0.008825580207137404	0.00042141889106161334
509	48	99	71	76	0.007349681847429757	0.00036611424764496634
510	46	101	71	76	0.006483454755176687	0.00033246667549490243
511	56	92	72	76	0.012237915358774486	0.0005418150439436207
512	54	94	72	76	0.009824527640505041	0.000457629650224057
513	52	96	72	76	0.007733023400427886	0.00038070761122040717
514	62	87	73	76	0.021009700252823893	0.0008208989351601824
515	60	89	73	76	0.014987542580880487	0.0006331695620456868
516	58	91	73	76	0.011124336140312005	0.0005034989461453268
517	68	82	74	76	0.05393846861141639	0.0016946598255413935
518	66	84	74	76	0.02920471351896469	0.001057422375604435
519	64	86	74	76	0.01794926046830291	0.0007273219772610844
520	74	77	75	76	5.276735459662289	0.057449098415957245
521	72	79	75	76	0.22497777157900242	0.005080447442899719
522	70	81	75	76	0.048803952388987056	0.0015692228069424086
523	5	67	33	39	0.006614092466571305	0.0003376047339647385
524	7	65	33	39	0.007931841264489281	0.0003882102095189636
525	3	69	33	39	0.005672747077173699	0.0003000196644944649
526	15	59	35	39	0.009991642843675314	0.00046360224266367417
527	17	57	35	39	0.012512797584719713	0.0005511468291605853
528	19	55	35	39	0.016210817360352188	0.0006725356199578335
529	27	49	37	39	0.02265445908249786	0.0008698699252222606
530	29	47	37	39	0.03661577967343591	0.0012582095757205428
531	13	60	34	39	0.010687403446147777	0.0004882256574184147
532	9	64	34	39	0.007645872481604615	0.0003774048602475397
533	11	62	34	39	0.008928314502690528	0.0004251850404605325
534	23	52	36	39	0.019501978063381754	0.0007752234880839852
535	25	50	36	39	0.027482081969387867	0.001009137985474132
536	21	54	36	39	0.013919320695793717	0.0005981817455707937
537	35	42	38	39	0.4069169452301363	0.008012277890672726
538	37	40	38	39	5.971527178602243	0.06318024868333391
539	33	44	38	39	0.08615413935858206	0.002429025191996487
540	24	82	50	56	0.007229317352400438	0.00036149610794361834
541	22	84	50	56	0.0066006341543841775	0.00033707650211732185
542	20	86	50	56	0.00596192412756758	0.000311709240731968
543	36	72	52	56	0.01382333157971093	0.0005950079591815042
544	34	74	52	56	0.010827460271568874	0.0004931368972632265
545	32	76	52	56	0.008844187792089678	0.0004221017774090927
546	46	64	54	56	0.035439645435806064	0.0012270230849085301
547	48	62	54	56	0.06930769044368877	0.002054886344953775
548	44	66	54	56	0.020993312885917503	0.0008204066557605478
549	30	77	51	56	0.009880241496486425	0.00045962341990152944
550	28	79	51	56	0.008161854592841937	0.00039683598186261536
551	26	81	51	56	0.0071871815477916505	0.00035987525220439084
552	42	67	53	56	0.026660687395195528	0.0009858697712392497
553	40	69	53	56	0.018368151359873866	0.0007403360204039872
554	38	71	53	56	0.013662400489082042	0.0005896754641392061
555	54	57	55	56	7.68606998654105	0.07671009064642587
556	50	61	55	56	0.08506137333219167	0.002405305104955528
557	69	70	66	73	0.25900946505515476	0.005661505520618588
558	41	99	67	73	0.007170776774927156	0.00035924360909410846
559	39	101	67	73	0.006341154097051992	0.00032684257961602996
560	37	103	67	73	0.0056133360400723266	0.0002976011720541073
561	47	94	68	73	0.008783685745446652	0.0004198801711461986
562	43	98	68	73	0.006531083852839645	0.00033434270448077255
563	53	89	69	73	0.012699446434386193	0.0005574562078995277
564	51	91	69	73	0.009813582605243409	0.00045723766556081
565	49	93	69	73	0.007854402193537401	0.0003852931958403222
566	59	84	70	73	0.022603518164540298	0.0008683658351131673
567	57	86	70	73	0.01630784451291469	0.0006756280311321813
568	55	88	70	73	0.01468298869595183	0.0006232549679388323
569	65	79	71	73	0.06175187172168507	0.00188039300912819
570	63	81	71	73	0.03212547163377441	0.0011378177760033377
571	61	83	71	73	0.020466756900865427	0.0008045410399016629
572	71	74	72	73	3.6631111111111117	0.04339326144552177
573	69	76	72	73	0.22127163307456735	0.005015984596342429
574	67	78	72	73	0.05694442074367331	0.0017668062142424015
575	2	64	30	36	0.006329371866960926	0.0003263756142690016
576	4	62	30	36	0.007121451399909721	0.0003573423865757219
577	16	52	32	36	0.015281409979055548	0.0006426921871396535
578	12	56	32	36	0.009502840796322711	0.00044606606055700533
579	14	54	32	36	0.011811243036749748	0.0005272334796043969
580	8	59	31	36	0.007945589769438894	0.0003887274052181206
581	10	57	31	36	0.009648794165100581	0.00045132364508016404
582	6	61	31	36	0.006709450353000328	0.0003413404003183028
583	20	49	33	36	0.01922393545843721	0.0007667126449048998
584	22	47	33	36	0.027653404393501106	0.001013970757094673
585	18	51	33	36	0.01391686525673553	0.000598100622084568
586	34	37	35	36	6.4192432872253855	0.0667912131765798
587	30	41	35	36	0.10712929213505609	0.0028719827929513347
588	32	39	35	36	0.48473733545258185	0.00916605926543933
589	28	42	34	36	0.08264920117509758	0.0023526939390355432
590	24	46	34	36	0.02405295237390139	0.0009108639130127175
591	26	44	34	36	0.04207466456796862	0.0014000700543289003
592	27	74	48	53	0.007796643098239121	0.000383113166866494
593	25	76	48	53	0.006953582352287547	0.0003508489635716015
594	23	78	48	53	0.004938689089217802	0.00026970197321805564
595	37	66	50	53	0.015424455796149823	0.0006473121634503891
596	47	58	52	53	0.060433849113257186	0.0018494619556326559
597	21	79	47	53	0.006630425095802513	0.00033824544758686393
598	17	83	47	53	0.005277096688247348	0.00028379958820216617
599	33	69	49	53	0.011893624208692857	0.0005300582259258079
600	29	73	49	53	0.007731287760650818	0.00038064192011445634
601	45	59	51	53	0.06616066237284163	0.0019827726358601495
602	41	63	51	53	0.020720762974331935	0.0008122061127950007
603	1	48	22	27	0.009630860138413078	0.00045067861536900183
604	13	38	24	27	0.03389682202621172	0.0011857474911799036
605	9	42	24	27	0.016067302293051623	0.000667953702361459
606	11	40	24	27	0.022347480290638298	0.0008607940997316012
607	23	30	26	27	0.4977599904426259	0.009354785741614751
608	25	28	26	27	6.723906911142454	0.06921506110830153
609	21	32	26	27	0.11261714873755008	0.002984428500558111
610	5	45	23	27	0.011839746229497584	0.0005282113319616705
611	7	43	23	27	0.015793771548004275	0.0006591945312627959
612	3	47	23	27	0.009194091389804215	0.00043488209681947
613	15	37	25	27	0.028585568136246898	0.001040145937420587
614	17	35	25	27	0.051447629174923876	0.0016341702427129325
615	19	33	25	27	0.10994847979101662	0.0029299098921854822
616	55	58	44	69	0.023851835757562112	0.0009050032382766491
617	37	95	63	69	0.007033002030281717	0.000353925499516855
618	35	97	63	69	0.006140080635439409	0.00031884554740517273
619	33	99	63	69	0.005372176239523902	0.0002877224075461421
620	49	85	65	69	0.013000576714936917	0.0005675904918022409
621	47	87	65	69	0.010479077690949997	0.00048089284802367414
622	43	90	64	69	0.009022112900710436	0.0004286148643366056
623	41	92	64	69	0.007637574438473839	0.00037708993743965866
624	39	94	64	69	0.006587519999187979	0.00033656153862699026
625	55	80	66	69	0.020778576899485462	0.0008139477050250445
626	53	82	66	69	0.014529609023910416	0.0006182437992254025
627	51	84	66	69	0.01103839718745367	0.0005005060133973397
628	61	75	67	69	0.06319579771036792	0.0019141040666214985
629	59	77	67	69	0.0330186893240644	0.0011620610562631528
630	57	79	67	69	0.01984049938812012	0.0007855478079993181
631	67	70	68	69	5.200477326968973	0.05680976572095074
632	63	74	68	69	0.05455037588170279	0.0017094201410232952
633	5	56	28	33	0.007907827854964418	0.00038730636773008024
634	3	58	28	33	0.0062039094898107975	0.00032139059981761795
635	17	46	30	33	0.0165130137652064	0.0006821531422425754
636	29	36	32	33	0.38624146687333044	0.007697432368701137
637	1	59	27	33	0.006393950525724821	0.00032893260469838906
638	13	49	29	33	0.014941252853582424	0.0006316656482401393
639	9	53	29	33	0.009434449718927327	0.0004435960378935623
640	25	39	31	33	0.07956538183818726	0.002284912959589249
641	21	43	31	33	0.021044666484988747	0.0008219490302491366
642	52	58	24	86	0.006196023963974069	0.00032107650866724336
643	54	112	80	86	0.005894244688108351	0.0003089853746055723
644	52	114	80	86	0.005004048012953641	0.00027244171335412556
645	50	116	80	86	0.004434606193957461	0.0002482785933380509
646	60	107	81	86	0.007902007459516892	0.00038708719810571135
647	58	109	81	86	0.006730706839122723	0.000342171449631407
648	56	111	81	86	0.005661909538701892	0.0002995789306332188
649	66	102	82	86	0.011130372155801553	0.0005037089566611189
650	64	104	82	86	0.00860464705314627	0.00041328509430673836
651	62	106	82	86	0.007026439991507847	0.0003536716068009684
652	72	97	83	86	0.01847612635358806	0.0007436793988262446
653	70	99	83	86	0.013305348707165937	0.0005777922144395092
654	68	101	83	86	0.010297848615359434	0.000474486355300517
655	78	92	84	86	0.04507993999432379	0.0014763319189523025
656	76	94	84	86	0.025587035671490458	0.000955203813363587
657	74	96	84	86	0.016185294823585886	0.00067172146553215
658	84	87	85	86	4.8251306021446245	0.05363050691742845
659	82	89	85	86	0.20214754970068097	0.004679253737695904
660	80	91	85	86	0.04538729846765224	0.0014840640252134112
661	8	48	26	30	0.012224252019648437	0.0005413499400044866
662	10	46	26	30	0.015742000299520765	0.0006575327470117059
663	6	50	26	30	0.009379536285449495	0.0004416097782510523
664	20	38	28	30	0.05593506862412271	0.0017426810906838442
665	22	36	28	30	0.12180892186790152	0.0031699799038899523
666	18	40	28	30	0.02868964849736252	0.00104305616615126
667	2	53	25	30	0.007844833056406183	0.00038493228023931417
668	4	51	25	30	0.01006573566240997	0.00046624286832774577
669	16	41	27	30	0.027871902497775464	0.0010201242588855387
670	14	43	27	30	0.019192707884546807	0.000765755001866942
671	28	31	29	30	5.356299212598425	0.05811387163218474
672	24	35	29	30	0.12556425096927767	0.003244846385351736
673	12	48	28	32	0.015388721535063583	0.0006461589794196176
674	8	52	28	32	0.009724199355983038	0.0004540327038835788
675	10	50	28	32	0.012286451278845456	0.000543466250823176
676	24	38	30	32	0.08329510486626909	0.0023668159544782464
677	20	42	30	32	0.022481634125852048	0.0008647638802219226
678	22	40	30	32	0.03937871195141599	0.001330579233077754
679	6	53	27	32	0.009495167275532752	0.0004457891277344717
680	2	57	27	32	0.006290440013220745	0.0003248311951410868
681	4	55	27	32	0.007688677971680465	0.0003790281379579267
682	16	45	29	32	0.01993709876142922	0.0007884864301643253
683	18	43	29	32	0.02629999088299093	0.0009755998712395471
684	14	47	29	32	0.013624745894193439	0.0005884256770861144
685	26	37	31	32	0.07437111988119513	0.0021693499113094993
686	30	33	31	32	4.507443245254931	0.05089472335809748
687	53	58	28	83	0.006955509534434049	0.00035092371403982705
688	51	109	77	83	0.0064143456922327894	0.00032973890792220757
689	49	111	77	83	0.00532827877834854	0.0002859132858005373
690	47	113	77	83	0.0048659806893781	0.00026664428219890684
691	57	104	78	83	0.00836602915937058	0.0004044457627155773
692	55	106	78	83	0.00691164721930859	0.0003492212178806763
693	53	108	78	83	0.005806558191511206	0.00030544550805145627
694	63	99	79	83	0.01142055261397919	0.0005137744348527639
695	61	101	79	83	0.009385985418201225	0.0004418431872450876
696	59	103	79	83	0.007704016268679104	0.0003796092907084453
697	69	94	80	83	0.017303664394252165	0.0007071260464521712
698	67	96	80	83	0.012362080878246027	0.0005460361907791778
699	65	98	80	83	0.009369177828482357	0.0004412348041033107
700	75	89	81	83	0.04800951912879278	0.0015495483571833038
701	73	91	81	83	0.02528972110522037	0.0009466596097459783
702	71	93	81	83	0.01573860857235501	0.0006574238332714006
703	81	84	82	83	4.372408863473909	0.04971847040005102
704	79	86	82	83	0.1676614828676518	0.004052526398272077
705	77	88	82	83	0.03442404455143769	0.001199900341825324
706	9	56	30	35	0.009389508840483585	0.00044197069236109453
707	5	60	30	35	0.006190900113219308	0.00032087236922544876
708	7	58	30	35	0.007509276869671618	0.0003722107230503212
709	19	48	32	35	0.0174336299787437	0.0007112055230562037
710	21	46	32	35	0.024713459545950407	0.0009300325143562987
711	17	50	32	35	0.012860155315395689	0.0005628715601180553
712	13	53	31	35	0.010845836245179884	0.000493780176544446
713	15	51	31	35	0.013460813317575485	0.0005829752733636802
714	11	55	31	35	0.00858803880588842	0.0004126717124316419
715	27	41	33	35	0.0827416316475873	0.0023547163959904637
716	23	45	33	35	0.025127947405667633	0.0009420008198728284
717	25	43	33	35	0.03924123693031722	0.0013270067349155314
718	31	38	34	35	0.40442447286553745	0.007974522211988376
719	33	36	34	35	4.146316331787738	0.04772998791519503
720	29	40	34	35	0.07155067361722293	0.0021058216724169354
721	9	60	32	37	0.008961675280220148	0.00042640585800423746
722	11	58	32	37	0.01069133026452557	0.0004883635574087849
723	7	62	32	37	0.00736617808843303	0.00036674580666931113
724	5	63	31	37	0.00724863461857852	0.0003622384625864373
725	1	67	31	37	0.005371705307690166	0.0002877030174770137
726	3	65	31	37	0.006310686463590368	0.0003256346428954869
727	17	53	33	37	0.016298415864918234	0.0006753277119794891
728	13	57	33	37	0.010199237574624183	0.0004709894916601341
729	15	55	33	37	0.01260056440168565	0.0005541163432292068
730	27	45	35	37	0.05245240331255869	0.0016586507206914078
731	29	43	35	37	0.09784874485511655	0.0026787282136696163
732	25	47	35	37	0.02918535082807978	0.0010568833765177595
733	23	48	34	37	0.029064984420047176	0.0010535308802019257
734	19	52	34	37	0.015077698983640971	0.0006360955884370924
735	21	50	34	37	0.020189174480045743	0.0007961393066275966
736	35	38	36	37	6.443550789395293	0.06698556088301814
737	31	42	36	37	0.10374510972355364	0.002801978449222776
738	53	58	32	79	0.009563714094240392	0.00044826111404207937
739	47	105	73	79	0.006438397012874202	0.0003306889923655786
740	43	109	73	79	0.004931743147803833	0.00026941031938969854
741	53	100	74	79	0.008200976385606044	0.00039829746610849613
742	51	102	74	79	0.006991814461118691	0.0003523309962521757
743	49	104	74	79	0.005786441986294885	0.00030463168749086635
744	59	95	75	79	0.011292116599217234	0.0005093267643526959
745	57	97	75	79	0.009191902888088651	0.00043480251478630595
746	55	99	75	79	0.007414306634741201	0.00036858654409027057
747	65	90	76	79	0.01799871994178829	0.0007288622048091975
748	63	92	76	79	0.01286832223523362	0.000563146338763117
749	61	94	76	79	0.009606898682077307	0.0004498163645899947
750	71	85	77	79	0.053231687325930664	0.0016775626862298842
751	69	87	77	79	0.029058169171377612	0.0010533409630757574
752	67	89	77	79	0.0184709048079427	0.0007435178210706902
753	77	80	78	79	3.408777120315582	0.041057949069541425
754	73	84	78	79	0.04609758036731773	0.001501886213945886
755	68	70	60	78	0.028524758469715195	0.0010384444825297628
756	46	104	72	78	0.006107605120624861	0.0003175483028008625
757	44	106	72	78	0.005520561213849134	0.000293812631146724
758	42	108	72	78	0.004897968498388977	0.00026799079517073006
759	52	99	73	78	0.00821982497772122	0.00039900102273980316
760	50	101	73	78	0.006907838770922636	0.00034907327697263497
761	48	103	73	78	0.005388165776434679	0.0002883805251384448
762	58	94	74	78	0.011416852266715434	0.0005136464561810851
763	56	96	74	78	0.009129397996588547	0.00043252775070467457
764	54	98	74	78	0.007530114054268607	0.0003730044736753409
765	64	89	75	78	0.018934381297241374	0.0007578191192601307
766	62	91	75	78	0.01316605191121478	0.0005731362714048766
767	60	93	75	78	0.009877395214423585	0.00045952162630348825
768	70	84	76	78	0.04595221539548827	0.0014982439563445513
769	68	86	76	78	0.025854901998841905	0.0009628820932204917
770	66	88	76	78	0.015957850755336362	0.0006644529482303188
771	76	79	77	78	6.466755319148937	0.06717093179739321
772	72	83	77	78	0.05213948787061995	0.0016510385205039766
773	26	84	52	58	0.00732345595478562	0.000365109513317834
774	22	88	52	58	0.005775825117873982	0.0003042019081168722
775	38	74	54	58	0.012613717614928407	0.0005545609580139873
776	34	78	54	58	0.008344470338749046	0.0004036442897097779
777	30	81	53	58	0.008375441934118138	0.00040479554320625586
778	42	71	55	58	0.01701617872641695	0.0006980769006817731
779	56	59	57	58	4.875974486180014	0.05406442512750512
780	50	64	56	58	0.06817553487796323	0.002029032154204408
781	46	68	56	58	0.019793731548062063	0.0007841239087347941
782	42	100	68	74	0.007091353929577548	0.00035618079884600827
783	40	102	68	74	0.006227519990487798	0.0003223304866131253
784	38	104	68	74	0.005470562594918345	0.0002917647962753347
785	48	95	69	74	0.008554059349858558	0.00041141591513407403
786	46	97	69	74	0.007502602987615635	0.00037195638730384145
787	44	99	69	74	0.006549071699978375	0.0003350503912776936
788	54	90	70	74	0.013336060670863048	0.0005788172305134802
789	52	92	70	74	0.010241998484400739	0.0004725067995376001
790	50	94	70	74	0.008284569208217967	0.00040141487996422947
791	60	85	71	74	0.022342121718138177	0.0008606354185799767
792	58	87	71	74	0.021494206136486928	0.0008354138243050271
793	56	89	71	74	0.012294078528564819	0.0005437255949345206
794	66	80	72	74	0.05734803586547387	0.0017764255177922985
795	64	82	72	74	0.02920341563271271	0.001057386248938567
796	62	84	72	74	0.018503063904289466	0.0007445127983260509
797	72	75	73	74	4.997827661115134	0.05510013132379179
798	68	79	73	74	0.05717452498240675	0.0017722921815993475
799	59	117	85	91	0.006506419684182209	0.0003333716213242486
800	57	119	85	91	0.00569723017493848	0.0003010146110620005
801	65	112	86	91	0.00813963370299375	0.00039600514846641717
802	63	114	86	91	0.006838187755913997	0.0003463643117723731
803	61	116	86	91	0.0059887277835177204	0.0003127860166980465
804	71	107	87	91	0.011719737086907383	0.0005240905094347376
805	69	109	87	91	0.009436927027682252	0.00044368558086687866
806	67	111	87	91	0.00763722443750328	0.0003770766526552694
807	77	102	88	91	0.020234562176882385	0.0007975148976407539
808	75	104	88	91	0.014595676172310801	0.0006204038150042328
809	73	106	88	91	0.010984360901845106	0.0004986213730995427
810	83	97	89	91	0.05135763344788573	0.001631972204778985
811	81	99	89	91	0.029216094758013737	0.0010577391565120139
812	79	101	89	91	0.01893415458901593	0.0007578121437529326
813	89	92	90	91	5.738247863247864	0.06127410882936218
814	87	94	90	91	0.18639575971731448	0.004396338533771654
815	85	96	90	91	0.044085812573036204	0.0014512389399814595
816	80	82	74	88	0.04497666405405773	0.0014737311100836165
817	56	114	82	88	0.005923732945760905	0.0003101730604611626
818	54	116	82	88	0.005148452143070749	0.0002784657936566235
819	52	118	82	88	0.004468651984755995	0.0002497426458778992
820	62	109	83	88	0.007807436843734868	0.00038352084328445007
821	60	111	83	88	0.00661720637857098	0.00033772691799261844
822	58	113	83	88	0.005655715974451943	0.000299326967263225
823	68	104	84	88	0.011591458238098349	0.0005196749200050502
824	66	106	84	88	0.00914119233936613	0.0004329572616295318
825	64	108	84	88	0.0068775797037934246	0.00034789717844120117
826	74	99	85	88	0.019339062126973124	0.0007702400851358489
827	72	101	85	88	0.014186197880136238	0.0006069793363028412
828	70	103	85	88	0.010752877779031713	0.00049052342446895
829	80	94	86	88	0.04665757087443139	0.0015158925861010507
830	78	96	86	88	0.024681927413614	0.0009291201349048313
831	76	98	86	88	0.016492623543209288	0.0006815055032373356
832	86	89	87	88	4.891659739540039	0.05419807662666643
833	84	91	87	88	0.16043767464463615	0.003917614800094271
834	82	93	87	88	0.039590620293732136	0.001336080352422701
835	12	63	35	40	0.00946690891753459	0.00044476885368562605
836	14	61	35	40	0.011180137624514048	0.0005054394399401304
837	10	65	35	40	0.007902001645609528	0.00038708697916174027
838	24	53	37	40	0.01826264308237517	0.0007370646294740502
839	26	51	37	40	0.026544242072273235	0.000982557824231757
840	22	55	37	40	0.01358612123923219	0.0005871428628271873
841	38	41	39	40	5.605326049846364	0.060180000887594176
842	34	45	39	40	0.0890190248680977	0.002490884655886536
843	6	68	34	40	0.006776491866987669	0.00034395941582807864
844	8	66	34	40	0.008044627128596594	0.00039244693818276446
845	4	70	34	40	0.005934101182662208	0.00031059033237832177
846	20	56	36	40	0.01567619843006783	0.0006554187743172603
847	16	60	36	40	0.009958510241725045	0.00046241995177536777
848	18	58	36	40	0.011935564042747595	0.0005314945508828682
849	30	48	38	40	0.04420450818251393	0.0014542417865281263
850	32	46	38	40	0.08415612095377648	0.002385601879748234
851	28	50	38	40	0.02537243157635272	0.0009490388579225297
852	16	63	37	42	0.010223672473367442	0.0004718567077596507
853	12	67	37	42	0.007136150922571847	0.0003579092900983256
854	14	65	37	42	0.008528306407317113	0.00041046338112535373
855	28	53	39	42	0.026204940619108236	0.0009728881525236411
856	24	57	39	42	0.012921591449761165	0.00056493761081604
857	26	55	39	42	0.01839704075873441	0.0007412310068927133
858	40	43	41	42	6.5205761316872435	0.06760029219878859
859	36	47	41	42	0.07745535714285715	0.0022381856535912347
860	10	68	36	42	0.0077735206103887325	0.0003822393980794418
861	8	70	36	42	0.006739727229595012	0.0003425239297644276
862	6	72	36	42	0.005616672507576399	0.00029773714863881573
863	20	60	38	42	0.011837514701408307	0.0005281347951061265
864	22	58	38	42	0.014951251352145761	0.0006319905820570711
865	18	62	38	42	0.009484282665946553	0.00044539621983131247
866	34	48	40	42	0.07541231272818832	0.0021926603482145327
867	30	52	40	42	0.02328629755322994	0.0008884613769130718
868	32	50	40	42	0.037271728683234924	0.0012755019395377628
869	52	110	78	84	0.006149316640169957	0.0003192141924595464
870	50	112	78	84	0.005328447959499172	0.0002859202647692355
871	48	114	78	84	0.004614033857588386	0.0002559657167321001
872	58	105	79	84	0.008162147565238228	0.0003968469325294022
873	56	107	79	84	0.006792005685402956	0.00034456461677292457
874	54	109	79	84	0.005807772934813	0.00030549463077552324
875	64	100	80	84	0.010562351447178408	0.00048382798910098334
876	62	102	80	84	0.008639780109236972	0.00041458174011409205
877	60	104	80	84	0.00688364713094556	0.0003481331007635688
878	70	95	81	84	0.017647375359862244	0.0007178995048417023
879	68	97	81	84	0.013260731774640402	0.0005763021426853775
880	66	99	81	84	0.010032555801485933	0.00046506091474118557
881	76	90	82	84	0.04271887504400558	0.0014165208032549013
882	74	92	82	84	0.022837034676715485	0.0008752542753522883
883	72	94	82	84	0.01459679675717727	0.0006204404321603421
884	82	85	83	84	5.599568655643422	0.06013247586386259
885	80	87	83	84	0.19576157062867675	0.004565193760069275
886	78	89	83	84	0.03955871700174565	0.0013352525823572753
887	13	71	39	45	0.010793728798520249	0.0004919554175178515
888	11	73	39	45	0.010667082526937616	0.0004875118504985405
889	9	75	39	45	0.006995902099472326	0.0003524893387697286
890	23	63	41	45	0.01401293481447784	0.0006012721337822993
891	25	61	41	45	0.027895661463093017	0.0010207927023297334
892	35	53	43	45	0.04023812203754424	0.0013528474606273892
893	37	51	43	45	0.08456523686804006	0.0023945125099902624
894	33	55	43	45	0.0261922103949249	0.0009725247954187006
895	17	68	40	45	0.010719078900897083	0.000489337686288567
896	19	66	40	45	0.016383178304245162	0.0006780261064469507
897	15	70	40	45	0.006365458820128754	0.00032780521600933143
898	31	56	42	45	0.02547913786385149	0.0009521057220002433
899	27	60	42	45	0.014602155399038376	0.0006206155265799924
900	29	58	42	45	0.028477336572773515	0.0010371170354130492
901	43	46	44	45	4.959383226776984	0.054774005191019215
902	39	50	44	45	0.07595410499660363	0.002204760631725074
903	81	117	97	101	0.011017468546883099	0.0004997763323931056
904	79	119	97	101	0.008881001873241302	0.00042345185261385943
905	87	112	98	101	0.018435614812335452	0.0007424255151488078
906	85	114	98	101	0.01314858689183575	0.000572551708147568
907	83	116	98	101	0.010201036381887733	0.0004710533492848095
908	93	107	99	101	0.04980527896416568	0.0015939159281349758
909	91	109	99	101	0.027124789193214423	0.00099903675106471
910	89	111	99	101	0.01609648601496528	0.0006688861971303737
911	99	102	100	101	4.638364779874214	0.05202739315890332
912	97	104	100	101	0.19137282250214302	0.004486307638105122
913	95	106	100	101	0.0508370234029056	0.001619239384834185
914	15	73	41	47	0.0068078679127278555	0.00034518307889962104
915	13	75	41	47	0.0060339659778660985	0.00031460083521311184
916	11	77	41	47	0.005281382471452324	0.00028397676204834524
917	27	63	43	47	0.01264150183297748	0.0005554997888001051
918	23	67	43	47	0.00804717275443668	0.0003925424038434507
919	25	65	43	47	0.009901691863885405	0.0004603903466218745
920	21	68	42	47	0.008485649982104184	0.00040888416654476543
921	19	70	42	47	0.007254526354816783	0.00036246478852040024
922	17	72	42	47	0.00626111756863648	0.00032366652002165417
923	31	60	44	47	0.014824454654136267	0.0006278661743252096
924	33	58	44	47	0.020770500940207	0.0008137044914480458
925	29	62	44	47	0.010729256215971266	0.0004896948194934193
926	45	48	46	47	5.2306753458096	0.057063197306391346
927	41	52	46	47	0.06170908368404892	0.0018793912826695596
928	39	53	45	47	0.06583727412232628	0.001975317824832752
929	35	57	45	47	0.017389232630266795	0.0007098127325720045
930	37	55	45	47	0.03266170181634993	0.001152390297108179
931	84	87	73	98	0.019084604863162852	0.000762437063782199
932	88	90	80	98	0.026155112742564858	0.0009714656890331362
933	90	92	84	98	0.04725613970387552	0.0015308209632795423
934	72	119	93	98	0.007541569112112102	0.00037344061466289095
935	78	114	94	98	0.01049729136298276	0.00048153528277169403
936	76	116	94	98	0.008604071047987874	0.00041326382565851446
937	74	118	94	98	0.007024031457881279	0.00035357840415220265
938	84	109	95	98	0.016132254908829535	0.0006700285720212471
939	82	111	95	98	0.011757667321347635	0.0005253939916287468
940	80	113	95	98	0.00879789519392724	0.0004204022523868609
941	90	104	96	98	0.04199215636259287	0.0013979589084093008
942	88	106	96	98	0.023002027444096844	0.0008801115320782824
943	86	108	96	98	0.014597690614502546	0.0006204696401141126
944	96	99	97	98	4.4854236258730635	0.050703477741431774
945	94	101	97	98	0.16407435508345977	0.003985705030899478
946	92	103	97	98	0.04139027157414884	0.0013825292455069474
947	88	90	82	96	0.04518257395952801	0.0014789151962927452
948	70	117	91	96	0.007925211183989356	0.00038796072293496256
949	68	119	91	96	0.006773210820458666	0.00034383137972146706
950	76	112	92	96	0.011274985726258825	0.000508732649612326
951	74	114	92	96	0.00893720890005061	0.0004255106285378638
952	72	116	92	96	0.007394060155674606	0.0003678125294719102
953	82	107	93	96	0.018169012732586882	0.0007341578642487321
954	80	109	93	96	0.013138500814544736	0.0005722140401314498
955	78	111	93	96	0.009687488577798897	0.000452714416306445
956	88	102	94	96	0.04866834284337784	0.001565869656725218
957	86	104	94	96	0.0261252479831819	0.0009706128231927861
958	94	97	95	96	4.112681911057365	0.0474320575272663
959	92	99	95	96	0.1626158207716775	0.003958438973982292
960	90	101	95	96	0.03613675267648326	0.0012455360305956536
961	61	119	87	93	0.006500768498865549	0.0003331490018249773
962	67	114	88	93	0.008324813416999545	0.00040291310449377585
963	65	116	88	93	0.007007920740278747	0.0003529547800320881
964	63	118	88	93	0.005990403171992546	0.0003128532845728899
965	73	109	89	93	0.0124495275229936	0.000549003154013508
966	71	111	89	93	0.00977519695356189	0.00045586212474155527
967	69	113	89	93	0.008004947935447045	0.00039095799053262754
968	91	92	90	93	3.853407253218894	0.04511605677966439
969	79	104	90	93	0.020439591565414986	0.0008037199808487307
970	77	106	90	93	0.014558581193625951	0.0006191913015448664
971	75	108	90	93	0.011156101880886473	0.0005046038733918532
972	85	99	91	93	0.04585919660785269	0.0014959118844074012
973	83	101	91	93	0.026606522538385576	0.0009843296271048936
974	81	103	91	93	0.01755583937701337	0.0007150351304805731
975	91	94	92	93	5.933013658820111	0.06286675616189501
976	89	96	92	93	0.17433210332103322	0.004175916963942949
977	87	98	92	93	0.04487184901750444	0.0014710901296334541
978	57	115	83	89	0.006027889998345599	0.00031435726881808143
979	55	117	83	89	0.005159696620532384	0.0002789332255532901
980	53	119	83	89	0.0045865862932652395	0.0002547943371910034
981	63	110	84	89	0.007656118484495454	0.00037779360194741267
982	61	112	84	89	0.006529551297529935	0.00033428238910955256
983	59	114	84	89	0.00557642895992098	0.0002960957867792199
984	69	105	85	89	0.011425676185135937	0.0005139516207260958
985	67	107	85	89	0.008959277234777699	0.00042631813807390487
986	65	109	85	89	0.007172765995282062	0.00035932021906325587
987	75	100	86	89	0.0182235753124627	0.0007358521859193321
988	73	102	86	89	0.013355927416507802	0.0005794799951556083
989	71	104	86	89	0.00983451627044988	0.00045798729413928495
990	81	95	87	89	0.04027313012610183	0.001353752212159128
991	79	97	87	89	0.023294940181891616	0.0008887148657293519
992	77	99	87	89	0.014906327861225664	0.0006305302518640519
993	87	90	88	89	3.9977822133510754	0.046409998333822
994	85	92	88	89	0.1359577509434865	0.00344941708134782
995	83	94	88	89	0.03401763487007827	0.0011889950802694423
996	18	76	44	50	0.006607317006301821	0.00033733883172383647
997	16	78	44	50	0.005970847507468571	0.00031206784130084986
998	14	80	44	50	0.005144356130815872	0.00027829546416353515
999	28	68	46	50	0.009138962321571558	0.0004328760615914109
1000	30	66	46	50	0.01188197497902799	0.0005296590638760463
1001	26	70	46	50	0.0075670149011985745	0.0003744088925460443
1002	42	56	48	50	0.066241513284408	0.001984635109484746
1003	38	60	48	50	0.018702396676422497	0.0007506711120426275
1004	40	58	48	50	0.03199611265497508	0.001134293939668184
1005	24	71	45	50	0.006269359400251392	0.0003239940092831945
1006	22	73	45	50	0.003995051423614052	0.00022913377207639193
1007	20	75	45	50	0.005379882752581173	0.0002880396584233366
1008	34	63	47	50	0.015179472299342517	0.0006393937854025446
1009	36	61	47	50	0.021452615442286858	0.00083417083579014
1010	32	65	47	50	0.011260467050173419	0.0005082289648805798
1011	46	53	49	50	0.36664044059795436	0.007395329886082526
1012	48	51	49	50	6.505902192242834	0.06748331104886636
1013	44	55	49	50	0.07025125839809608	0.002076359343587497
1014	92	117	103	106	0.024315467735901486	0.0009184967744748792
1015	90	119	103	106	0.01751582835155697	0.000713782008161088
1016	98	112	104	106	0.0571692803730919	0.0017721672006044058
1017	96	114	104	106	0.030733810846367487	0.001099732313357751
1018	94	116	104	106	0.019830759425880917	0.0007852513279855291
1019	104	107	105	106	3.893747329440251	0.045478710959275005
1020	102	109	105	106	0.2575932257295062	0.005637692115041155
1021	100	111	105	106	0.060006976673643346	0.0018394108857299162
1022	20	78	46	52	0.006854306111097537	0.0003469917746746066
1023	18	80	46	52	0.005976659868570134	0.0003123013538556229
1024	16	82	46	52	0.005108904431907072	0.0002768199190183624
1025	32	68	48	52	0.01207764286237815	0.0005363517226253206
1026	30	70	48	52	0.009703252493914974	0.00045328064131726673
1027	28	72	48	52	0.007703187101824208	0.00037957788124970475
1028	42	60	50	52	0.034811959068986556	0.0012102815810196266
1029	44	58	50	52	0.0697026804193098	0.0020638833991551636
1030	40	62	50	52	0.020184508200811628	0.0007959978425057096
1031	26	73	47	52	0.008851143173505084	0.00042235695008703143
1032	24	75	47	52	0.0073676413999820625	0.00036680181378941366
1033	22	77	47	52	0.0064931405336246355	0.0003328484392260835
1034	38	63	49	52	0.021961125660166527	0.0008493304278719272
1035	34	67	49	52	0.011325684660893027	0.0005104903323627945
1036	36	65	49	52	0.01562612308267326	0.0006538086620995667
1037	50	53	51	52	7.120171673819741	0.07233006294568343
1038	46	57	51	52	0.08083866573194319	0.0023129715068113846
1039	48	55	51	52	0.4601516558341071	0.008806520749531964
1040	89	92	78	103	0.02087288354854425	0.0008167862054172208
1041	83	119	99	103	0.011214904709393961	0.0005066473309644136
1042	89	114	100	103	0.018048135413911662	0.0007304000850220625
1043	87	116	100	103	0.013384429154723751	0.000580430429551202
1044	85	118	100	103	0.010150603866081956	0.00046926200698391114
1045	95	109	101	103	0.05179296585269703	0.0016425964446528136
1046	93	111	101	103	0.02624464390793738	0.0009740211362057023
1047	91	113	101	103	0.016110590122815144	0.0006693367194042501
1048	101	104	102	103	4.402509374098645	0.04998138790083615
1049	97	108	102	103	0.05264512892280475	0.0016633338720782103
1050	29	76	50	55	0.009150937646031004	0.0004333120567626893
1051	27	78	50	55	0.007926874408976435	0.0003880233137855033
1052	25	80	50	55	0.006610006702860177	0.00033744439613161433
1053	39	68	52	55	0.016313150221341954	0.0006757970096965825
1054	41	66	52	55	0.023554215501802273	0.0008963093591689062
1055	37	70	52	55	0.012275358147863902	0.0005430889922824691
1056	53	56	54	55	3.287105200664925	0.03992659712966104
1057	49	60	54	55	0.0592382595833847	0.0018212689685084351
1058	23	81	49	55	0.007106404695075275	0.00035676181326887513
1059	21	83	49	55	0.006202224135914692	0.00032132347765489143
1060	19	85	49	55	0.0055085296828439444	0.00029332023900098227
1061	35	71	51	55	0.013509165510523365	0.0005845844671424558
1062	33	73	51	55	0.010605219246842514	0.00048533685812484603
1063	31	75	51	55	0.00877780804111202	0.0004196641564030829
1064	45	63	53	55	0.035828865397555844	0.0012373698027807146
1065	47	61	53	55	0.07149613545918584	0.002104587601587188
1066	43	65	53	55	0.022977466060097793	0.0008793889760333997
1067	31	78	52	57	0.009519220963863612	0.00044665703818581756
1068	29	80	52	57	0.007892073746925535	0.00038671305341483496
1069	27	82	52	57	0.006800204732540181	0.00034488433611091617
1070	43	68	54	57	0.022553395307225284	0.0008668851339674782
1071	41	70	54	57	0.016084688028079396	0.0006685092683039025
1072	39	72	54	57	0.011636820039613461	0.0005212376401891133
1073	25	83	51	57	0.0075110042150420865	0.00037227654213941344
1074	23	85	51	57	0.006687674782157274	0.0003404884251789737
1075	21	87	51	57	0.006003374581513343	0.00031337394751170417
1076	37	73	53	57	0.014284339289151777	0.0006102049111762044
1077	35	75	53	57	0.010925776666681847	0.0004965756886608503
1078	33	77	53	57	0.008941196634910659	0.0004256565791262828
1079	49	63	55	57	0.07743550912140033	0.002237744725052832
1080	45	67	55	57	0.018114244334639634	0.000732455967705478
1081	47	65	55	57	0.038061084134198696	0.0012962182358721343
1082	55	58	56	57	4.50264725347452	0.050853087469227176
1083	51	62	56	57	0.06273556090870322	0.0019033785360623124
1084	73	120	94	99	0.007798040947481948	0.0003831659705513676
1085	79	115	95	99	0.010197038357304747	0.000470911415947404
1086	77	117	95	99	0.008093981019106362	0.0003942965581482195
1087	75	119	95	99	0.0065641677376796	0.0003356439602363323
1088	85	110	96	99	0.01715356434687399	0.0007024057426076041
1089	83	112	96	99	0.012336028839068099	0.00054515133816189
1090	81	114	96	99	0.009302245241252487	0.0004388095403097208
1091	91	105	97	99	0.04795872698624846	0.0015482879208139513
1092	89	107	97	99	0.024378168387353485	0.0009203170250318344
1093	87	109	97	99	0.015762496334468946	0.0006581907917948749
1094	97	100	98	99	3.7417237138508366	0.044107409619768355
1095	93	104	98	99	0.0459970199925644	0.0014993668617914494
1096	28	86	54	60	0.00683519823996972	0.0003462478969128219
1097	26	88	54	60	0.005996104691647601	0.00031308217150097657
1098	24	90	54	60	0.005243338894248451	0.0002824028784134695
1099	34	81	55	60	0.00900625459752769	0.0004280355724129459
1100	32	83	55	60	0.007556966382792867	0.0003740266106062891
1101	30	85	55	60	0.006504589463906753	0.000333299527591032
1102	46	71	57	60	0.021050933197929073	0.0008221371875886981
1103	44	73	57	60	0.014351053957311415	0.0006123946696497613
1104	42	75	57	60	0.010622072765167573	0.0004859296850532862
1105	58	61	59	60	3.275783619817998	0.03982083689826339
1106	54	65	59	60	0.05974948809494839	0.0018333401093629173
1107	40	76	56	60	0.011696754711009718	0.0005233002396873777
1108	38	78	56	60	0.009465030233340372	0.00044470099844609655
1109	36	80	56	60	0.007584222665726543	0.0003750632655889395
1110	50	68	58	60	0.030906586919108244	0.00110448201056317
1111	52	66	58	60	0.0647031619662056	0.0019491067473175864
1112	48	70	58	60	0.018116103184526604	0.0007325137498877998
1113	106	108	98	116	0.03075289078510722	0.001100257132727783
1114	108	110	102	116	0.0588233985920555	0.0018114555483981227
1115	114	117	115	116	4.993408662900188	0.05506267431720808
1116	112	119	115	116	0.25670964955577497	0.005622819859858789
1117	62	120	88	94	0.006316038964269098	0.0003258469485819833
1118	68	115	89	94	0.00841581472878539	0.00040629477452283467
1119	66	117	89	94	0.007048090293094686	0.0003545090738506591
1120	64	119	89	94	0.006007045815038735	0.00031352126090401696
1121	74	110	90	94	0.011582466038004849	0.0005193649696904356
1122	72	112	90	94	0.009190950074369417	0.00043476786557928936
1123	70	114	90	94	0.007416563658838072	0.0003686727988993919
1124	80	105	91	94	0.01885442228458669	0.0007553576880953237
1125	78	107	91	94	0.013069922178418066	0.000569916529189549
1126	76	109	91	94	0.010014271442842872	0.00046440919176456895
1127	86	100	92	94	0.04465559707216268	0.0014656368067496217
1128	84	102	92	94	0.02573305549709284	0.0009593917046231259
1129	82	104	92	94	0.01654101115727557	0.0006830421007914128
1130	92	95	93	94	3.0508643617021276	0.03770174622037809
1131	90	97	93	94	0.14417997725163462	0.0036086932344555926
1132	88	99	93	94	0.03369366147243274	0.0011802802570013452
1133	103	117	109	111	0.057327932267717686	0.001775946762797166
1134	101	119	109	111	0.030545118214925716	0.0010945380025002348
1135	109	112	110	111	4.185179771996492	0.04807354152544027
1136	107	114	110	111	0.2736073250856224	0.0059052437338732305
1137	105	116	110	111	0.061606926500171154	0.001876998993529147
1138	88	92	72	108	0.011718674028770942	0.000524053963130119
1139	94	119	105	108	0.023011369860012704	0.0008803863239448573
1140	100	114	106	108	0.056056154045196	0.0017455805062039575
1141	96	118	106	108	0.019945977333164024	0.0007887563572631514
1142	106	109	107	108	3.1371574826859376	0.038518896498631564
1143	104	111	107	108	0.2332072589737062	0.005222718034973147
1144	102	113	107	108	0.044675011901761465	0.0014661266483794037
1145	65	67	57	75	0.03372561032399526	0.0011811405335085089
1146	43	101	69	75	0.006982051901164729	0.0003519527381069327
1147	41	103	69	75	0.006045172192207916	0.000315049907463956
1148	39	105	69	75	0.005345134988134117	0.0002866083775396724
1149	49	96	70	75	0.008791500543811934	0.00042016732534210167
1150	47	98	70	75	0.007623698653975233	0.0003765631543931485
1151	55	91	71	75	0.012795390508397328	0.0005606910959041263
1152	53	93	71	75	0.01004713487039567	0.00046558037052909867
1153	51	95	71	75	0.008273296705645937	0.0004009949221104752
1154	61	86	72	75	0.02122102569425184	0.0008272392645227932
1155	59	88	72	75	0.01507761804036855	0.0006360929632405965
1156	57	90	72	75	0.011346743887356105	0.000511219900132816
1157	67	81	73	75	0.05767820060364303	0.001784282651067379
1158	65	83	73	75	0.029087382101338013	0.001054154952673163
1159	63	85	73	75	0.018298880688084874	0.0007381887046159976
1160	73	76	74	75	3.9219373219373224	0.045731621081974934
1161	71	78	74	75	0.22087552327453577	0.005009080140484144
1162	69	80	74	75	0.04844705889447358	0.0015603934339679106
1163	36	83	57	62	0.00848567510687756	0.00040888509724678663
1164	34	85	57	62	0.0072425173159880295	0.00036200342670015113
1165	32	87	57	62	0.006423947737374341	0.0003301183101910851
1166	48	73	59	62	0.019850616419462307	0.0007858557301921877
1167	46	75	59	62	0.013695897988718892	0.0005907866044566305
1168	44	77	59	62	0.010305209144539626	0.0004747470569962099
1169	60	63	61	62	3.796222095020034	0.04460045772886668
1170	56	67	61	62	0.05821844956665546	0.001797116903984784
1171	58	65	61	62	0.24877842848417347	0.0054887861548304105
1172	30	88	56	62	0.006725670880610909	0.0003419746173662814
1173	28	90	56	62	0.005849745344882761	0.0003071904883483351
1174	26	92	56	62	0.005145091582630171	0.0002783260496660692
1175	42	78	58	62	0.011825984686734488	0.0005277392859815652
1176	40	80	58	62	0.009265599797487416	0.000437480005181957
1177	38	82	58	62	0.007423136609392285	0.0003689239573058489
1178	54	68	60	62	0.07333884385665529	0.0021461644904158797
1179	52	70	60	62	0.03504257249606764	0.0012164404953688298
1180	50	72	60	62	0.01952704526595372	0.00077598940752129
1181	82	87	57	112	0.005561528781335541	0.00029548737825039497
1182	104	118	110	112	0.06755939263522681	0.0020149201049784746
1183	102	120	110	112	0.03112731620302689	0.0011105410435981542
1184	110	113	111	112	4.236050489559986	0.048522127415785814
1185	108	115	111	112	0.2836250596110709	0.00607076657889742
1186	106	117	111	112	0.06644689313858188	0.0019893638581068144
1187	33	91	59	65	0.0061430892637020906	0.0003189656475929237
1188	31	93	59	65	0.00516424470832045	0.0002791222222213619
1189	29	95	59	65	0.004943958090189491	0.00026992315056226674
1190	43	83	61	65	0.008344027723705018	0.0004036278299934833
1191	41	85	61	65	0.006805401927724512	0.0003450869529879126
1192	57	71	63	65	0.06171913376921583	0.001879626583331236
1193	55	73	63	65	0.029193342709952292	0.001057105856494035
1194	53	75	63	65	0.01691229687231232	0.0006947983523099844
1195	39	86	60	65	0.008293317665443382	0.00040174071327309693
1196	37	88	60	65	0.006965163078110619	0.00035129807827391485
1197	35	90	60	65	0.0058849301129216885	0.0003086099301616798
1198	51	76	62	65	0.017899133614926746	0.0007257599650206034
1199	49	78	62	65	0.012813677215211929	0.0005613070202406936
1200	47	80	62	65	0.00934727851902631	0.00044044173754903695
1201	61	68	64	65	0.2616131985037083	0.0057052077216358426
1202	63	66	64	65	4.190820496699151	0.04812334420777362
1203	59	70	64	65	0.05653235045076456	0.0017569691206945966
1204	35	93	61	67	0.006328581265461222	0.00032634427315212213
1205	33	95	61	67	0.005613268806740874	0.0002975984317907634
1206	31	97	61	67	0.005012640953189107	0.0002728012980728324
1207	47	83	63	67	0.01180827386255343	0.0005271315854783108
1208	43	87	63	67	0.008068615213324712	0.0003933462587051164
1209	59	73	65	67	0.06855953372189842	0.002037812295516505
1210	55	77	65	67	0.02080568827698648	0.0008147640247205759
1211	41	88	62	67	0.008507778454194216	0.000409703629376763
1212	39	90	62	67	0.007239997055876076	0.00036190658119844864
1213	37	92	62	67	0.0061502689078613395	0.00031925219390213855
1214	53	78	64	67	0.02090906266505111	0.0008178743594970002
1215	51	80	64	67	0.014316903311388424	0.0006112740465044724
1216	49	82	64	67	0.010755042363350079	0.0004905993334070036
1217	65	68	66	67	4.321729365524986	0.049274854443482764
1218	61	72	66	67	0.0594514037136988	0.0018263046494938755
1219	58	116	84	90	0.006262462570157781	0.000323719970473703
1220	56	118	84	90	0.005413068868440419	0.0002894046196339688
1221	54	120	84	90	0.004784257619783799	0.0002631948439265791
1222	64	111	85	90	0.008076137234115554	0.0003936281341381173
1223	62	113	85	90	0.006777644865309177	0.00034400440581702584
1224	60	115	85	90	0.005795228914864381	0.00030498725153224127
1225	70	106	86	90	0.011468921032056295	0.000515446404489348
1226	68	108	86	90	0.009174390223087034	0.00043416553146219557
1227	66	110	86	90	0.007215971384234468	0.0003609829599323788
1228	76	101	87	90	0.01909664106053163	0.0007628066978067249
1229	74	103	87	90	0.01396829383142364	0.0005997990435887397
1230	72	105	87	90	0.010393990455059237	0.00047788821091043353
1231	78	100	88	90	0.01643521562907256	0.0006796811041090308
1232	88	91	89	90	4.79023156256081	0.05333205533937361
1233	86	93	89	90	0.16773918130504215	0.004053970091906833
1234	84	95	89	90	0.04158270698112914	0.0013874680454894362
1235	44	91	65	70	0.0090261375775454	0.0004287618452907465
1236	42	93	65	70	0.0076356765913088796	0.00037701790026450585
1237	40	95	65	70	0.006582900013723906	0.00033638006570019485
1238	38	96	64	70	0.0069343103332697355	0.0003501011874647652
1239	36	98	64	70	0.006114683829595642	0.0003178311997108843
1240	34	100	64	70	0.005464019409365521	0.0002914964820552539
1241	50	86	66	70	0.012020780927188958	0.0005344094088104073
1242	48	88	66	70	0.00953705405602239	0.0004473001683756331
1243	46	90	66	70	0.007854479615791814	0.00038529611553201893
1244	56	81	67	70	0.021263005812896488	0.000828497038604989
1245	54	83	67	70	0.015084498680533753	0.0006363161082934284
1246	52	85	67	70	0.011028875286940612	0.0005001740702386146
1247	62	76	68	70	0.05474171914694803	0.0017140278157655594
1248	58	80	68	70	0.01744037521052817	0.0007114170561019327
1249	68	71	69	70	4.577103448275862	0.05149832288755077
1250	64	75	69	70	0.04948743925682985	0.0015860904151182792
1251	76	80	56	100	0.007682106465918653	0.00037877906815584353
1252	80	116	96	100	0.010709168296005591	0.0004889898368778405
1253	78	118	96	100	0.00845711366080026	0.00040782667793743223
1254	76	120	96	100	0.006951668070589857	0.00035077470873613433
1255	86	111	97	100	0.017716255304615635	0.0007200526538132991
1256	84	113	97	100	0.012640100536290971	0.0005554524503144877
1257	82	115	97	100	0.009811909775433395	0.00045717774605702797
1258	92	106	98	100	0.04900053234377578	0.0015740797202915594
1259	90	108	98	100	0.02638985519038123	0.000978161554779714
1260	88	110	98	100	0.016076172473689587	0.0006682371687816046
1261	98	101	99	100	4.172328086164043	0.04796001432464368
1262	96	103	99	100	0.20535785558056738	0.004736277387591485
1263	94	105	99	100	0.04382392971352063	0.0014446070162674476
1264	55	113	81	87	0.006050437735434392	0.00031526084973284446
1265	53	115	81	87	0.005287010085509641	0.00028420935656833194
1266	51	117	81	87	0.00463514732602315	0.0002568656797918551
1267	61	108	82	87	0.007730137704052177	0.0003805983904886175
1268	59	110	82	87	0.006503284512185441	0.0003332481217109613
1269	67	103	83	87	0.011542577206184977	0.000517989377996061
1270	65	105	83	87	0.008891982153708716	0.0004238542794441115
1271	63	107	83	87	0.0071633649565599755	0.0003589581177090442
1272	71	100	84	87	0.01365143475952151	0.0005893115848291702
1273	69	102	84	87	0.010661758588603309	0.0004873247861280372
1274	79	93	85	87	0.04602225949934391	0.0014999993100512496
1275	77	95	85	87	0.025267892779149512	0.0009460313965331992
1276	75	97	85	87	0.01712191439927349	0.0007014092069286915
1277	85	88	86	87	4.545060460871549	0.05122093900591425
1278	83	90	86	87	0.1801866360914708	0.004283314313889106
1279	81	92	86	87	0.04147777921692025	0.0013847757610596584
1280	113	116	114	115	4.544436952124073	0.05121553705313487
1281	111	118	114	115	0.2265305110921706	0.005107381930580237
1282	109	120	114	115	0.051134580870263686	0.0016265205683372451
1283	95	120	106	109	0.023020286250593477	0.0008806485609151748
1284	101	115	107	109	0.05536148291963975	0.0017289266698854932
1285	99	117	107	109	0.029192023322581	0.0010570691280340785
1286	97	119	107	109	0.0186718850823464	0.0007497294549655785
1287	107	110	108	109	4.956184878439754	0.054746847149114625
1288	105	112	108	109	0.2566757932034144	0.00562224975828766
1289	103	114	108	109	0.05494369082018993	0.0017188873914565368
1290	100	102	92	110	0.0254006763003969	0.0009498509342287706
1291	100	118	108	110	0.03174670676265403	0.001127490617226604
1292	98	120	108	110	0.019479146201216102	0.0007745256705527017
1293	108	111	109	110	3.7852812632172563	0.04450160779616088
1294	106	113	109	110	0.2520174752465803	0.00554364207582441
1295	104	115	109	110	0.06203187792424625	0.001886944381872878
1296	40	98	66	72	0.007105352253220796	0.0003567211944353374
1297	38	100	66	72	0.0063173436290258275	0.00032589869149685135
1298	36	102	66	72	0.00558872061468125	0.0002965974003622228
1299	46	93	67	72	0.00896203921394668	0.0004264191701387523
1300	44	95	67	72	0.007702014896937015	0.00037953347592063096
1301	42	97	67	72	0.006641011151352133	0.0003386605336059645
1302	52	88	68	72	0.012577447435081945	0.0005533346660043141
1303	50	90	68	72	0.009995916410702554	0.00046375467290822456
1304	48	92	68	72	0.007940512800982565	0.0003885364422967301
1305	58	83	69	72	0.021932545798006887	0.0008484805802480675
1306	56	85	69	72	0.015778941002776357	0.0006587186205289955
1307	54	87	69	72	0.0119200040055219	0.0005309617984229146
1308	64	78	70	72	0.06524714652479198	0.0019616922121039057
1309	62	80	70	72	0.03280956412215317	0.0011563988237869576
1310	60	82	70	72	0.02000599030882914	0.0007905801491055796
1311	70	73	71	72	5.5195755579948775	0.05947098865728532
1312	66	77	71	72	0.07304714033419372	0.002139599046583441
1313	50	108	76	82	0.006315109237830649	0.000325810074186978
1314	48	110	76	82	0.005429217690688568	0.00029006812829089287
1315	46	112	76	82	0.004815334332578175	0.00026450815000067594
1316	56	103	77	82	0.008927721169412437	0.00042516331825026836
1317	54	105	77	82	0.007405808168645059	0.0003682617108007842
1318	52	107	77	82	0.006170658753150098	0.0003200655503547935
1319	62	98	78	82	0.012078070792526967	0.0005363663320150668
1320	60	100	78	82	0.009669181755824235	0.0004520565850523162
1321	58	102	78	82	0.00805983406774809	0.0003930171227433456
1322	68	93	79	82	0.019858266490148744	0.000786088543820779
1323	66	95	79	82	0.014187105913724619	0.0006070092038849047
1324	64	97	79	82	0.010782952909726506	0.0004915778010146238
1325	72	90	80	82	0.025291594609213708	0.0009467135228310734
1326	70	92	80	82	0.015503208911218529	0.0006498514354441884
1327	80	83	81	82	7.201938610662359	0.07296777594913095
1328	76	87	81	82	0.04906273553408743	0.001575615639406864
1329	117	120	118	119	4.79859344605716	0.05340361063851141
1330	91	116	102	105	0.02342540116335506	0.0008925386581281867
1331	89	118	102	105	0.016543832886545696	0.0006831316755548101
1332	87	120	102	105	0.012476534296028881	0.0005499184873835487
1333	97	111	103	105	0.06500317732790849	0.0019560508261470856
1334	95	113	103	105	0.034680526341107173	0.0012067672328648152
1335	93	115	103	105	0.02176995016182515	0.0008436407688075894
1336	103	106	104	105	3.2111785847069028	0.03921570191782641
1337	101	108	104	105	0.24196638351707936	0.005372875610333206
1338	99	110	104	105	0.055067784775560145	0.001721871127356688
1339	60	118	86	92	0.006328843773403335	0.0003263546796229797
1340	58	120	86	92	0.005588444434411612	0.000296586132447681
1341	66	113	87	92	0.008140249585619354	0.0003960281832214128
1342	64	115	87	92	0.006832025309769449	0.00034612432683126887
1343	62	117	87	92	0.005852867581901091	0.0003073165268844521
1344	70	110	88	92	0.009248981295687526	0.00043687666794796484
1345	68	112	88	92	0.007570836407670604	0.00037455424564140346
1346	76	105	89	92	0.01501250140294273	0.0006339800071212147
1347	74	107	89	92	0.011124005548012829	0.0005034874431177555
1348	82	100	90	92	0.027622727178055945	0.0010131059047655455
1349	80	102	90	92	0.018196183316260123	0.0007350017341902248
1350	88	95	91	92	0.14295248907696012	0.0035850512146622486
1351	86	97	91	92	0.03723173724902822	0.0012744496968019523
1352	92	97	71	118	0.007828171864172864	0.00038430363316712323
1353	116	119	117	118	4.08162936725165	0.04715649660103352
1354	43	105	71	77	0.005817965208109842	0.0003059067002293835
1355	41	107	71	77	0.005182774231252114	0.0002798918227836968
1356	51	98	72	77	0.00820780523449813	0.0003985524079739752
1357	49	100	72	77	0.006887189016579769	0.00034827079916376747
1358	47	102	72	77	0.005984117556718643	0.0003126008907970208
1359	57	93	73	77	0.011385910832972065	0.0005125759528217977
1360	55	95	73	77	0.009025453957093792	0.00042873688058189287
1361	53	97	73	77	0.007362419782904807	0.00036660194863500836
1362	61	90	74	77	0.013300869476885377	0.0005776426738136715
1363	59	92	74	77	0.009939754243984704	0.000461750266935572
1364	69	83	75	77	0.04610816372740379	0.0015021512862904512
1365	67	85	75	77	0.025097458998112075	0.0009411220332638709
1366	65	87	75	77	0.015180589240436557	0.0006394299540097343
1367	75	78	76	77	3.844148483989799	0.045032697547403244
1368	48	106	74	80	0.0061432637200857405	0.00031897261122791826
1369	46	108	74	80	0.005509772818635174	0.00029337112602451776
1370	44	110	74	80	0.00491865654486507	0.00026886056647506943
1371	54	101	75	80	0.008543052469420642	0.0004110088806632816
1372	52	103	75	80	0.007007741529191293	0.0003529478411498206
1373	50	105	75	80	0.005698547004216559	0.0003010680964502739
1374	60	96	76	80	0.011573590475683309	0.0005190589851696393
1375	58	98	76	80	0.009586804030365175	0.00044909287697215787
1376	66	91	77	80	0.02149561721598209	0.0008354559863731705
1377	64	93	77	80	0.014851984673493598	0.0006287623541529566
1378	62	95	77	80	0.011419444117300672	0.0005137360978536939
1379	72	86	78	80	0.057187818400031905	0.0017726089568218769
1380	70	88	78	80	0.02991962004929171	0.0010772659364881908
1381	68	90	78	80	0.019473857384225163	0.0007743639997680513
1382	78	81	79	80	7.358942585708385	0.07418760647858058
1383	74	85	79	80	0.05731981785508663	0.0017757535119820942
1384	53	111	79	85	0.006066242436029838	0.00031589374514942646
1385	51	113	79	85	0.005254364574839593	0.0002828592877951075
1386	49	115	79	85	0.004590446133983647	0.0002549591613299473
1387	59	106	80	85	0.007590770800082213	0.00037531218637917933
1388	57	108	80	85	0.00633756457016049	0.00032670033709664896
1389	55	110	80	85	0.005312647926422567	0.0002852682690806873
1390	65	101	81	85	0.010925946672641719	0.0004965816287091058
1391	63	103	81	85	0.008824330582114353	0.0004213730187073158
1392	61	105	81	85	0.007195921621420315	0.00036021164051544823
1393	71	96	82	85	0.016575608852671543	0.0006841401482588744
1394	69	98	82	85	0.012397767440894063	0.0005472475786905312
1395	67	100	82	85	0.009409324420179265	0.00044268756988273853
1396	77	91	83	85	0.04122998818769007	0.0013784115640603782
1397	75	93	83	85	0.02350387843861201	0.0008948364430260289
1398	73	95	83	85	0.014863214171908747	0.0006291277956953624
1399	83	86	84	85	4.757097791798108	0.05304823447791066
1400	81	88	84	85	0.16005512353578108	0.0039104315971138556
1401	79	90	84	85	0.03869459998101927	0.0013127727723421215
1402	69	116	90	95	0.008534356488262666	0.0004106872175029973
1403	67	118	90	95	0.007156613905080163	0.00035869801855981727
1404	65	120	90	95	0.006055386794972316	0.0003154590746921277
1405	75	111	91	95	0.011654359261412157	0.000521841490931634
1406	73	113	91	95	0.009213803777417717	0.0004355987150317749
1407	71	115	91	95	0.00750282547420308	0.00037196486691375765
1408	81	106	92	95	0.020079200607341446	0.0007928032951394229
1409	79	108	92	95	0.014369910286458662	0.0006130131590816899
1410	77	110	92	95	0.0106145076617924	0.0004856636074813854
1411	87	101	93	95	0.04749708963911525	0.0015368179195693328
1412	85	103	93	95	0.027206736153576605	0.0010013562270491715
1413	83	105	93	95	0.017062392330162535	0.0006995339300296979
1414	93	96	94	95	5.103335233751425	0.05599219581829631
1415	91	98	94	95	0.2369538879238618	0.005287103303872487
1416	89	100	94	95	0.0484152539085231	0.0015596058654463417
1417	69	120	92	97	0.006652778169539061	0.0003391217464176822
1418	77	113	93	97	0.01041869337148307	0.00047876111488017614
1419	75	115	93	97	0.008480009158295412	0.0004086751962412153
1420	73	117	93	97	0.006891341550592466	0.00034843221697846463
1421	83	108	94	97	0.018272285586299578	0.0007373637861712982
1422	81	110	94	97	0.012947217756794718	0.0005657987323897934
1423	79	112	94	97	0.009721294576845714	0.0004539284349641231
1424	89	103	95	97	0.041250062277603396	0.0013789274700767844
1425	87	105	95	97	0.02228556183840936	0.0008589599974850694
1426	85	107	95	97	0.013763974960835543	0.0005930428412792505
1427	95	98	96	97	4.2864649012189995	0.048965462178556095
1428	93	100	96	97	0.16299375757496773	0.003965509589369544
1429	91	102	96	97	0.039894115338516306	0.001343947213263838
1430	84	120	100	104	0.012734671745295934	0.0005586445326235035
1431	90	115	101	104	0.02158447473065289	0.0008381096998384684
1432	88	117	101	104	0.015450826527974209	0.0006481627799027277
1433	86	119	101	104	0.011752255597278551	0.00052520807588558
1434	96	110	102	104	0.06731634182908545	0.0020093451225277103
1435	94	112	102	104	0.03357622397073512	0.0011771164321111075
1436	92	114	102	104	0.020885823662577747	0.0008171754534252371
1437	102	105	103	104	4.334358073488508	0.04938551009523874
1438	100	107	103	104	0.26904370576594105	0.005829376286924776
1439	98	109	103	104	0.07343926050265584	0.002148423194890462
1440	99	102	88	113	0.017455720361161345	0.0007118982154325111
1441	105	119	111	113	0.0666327394647485	0.0019936399467241532
1442	111	114	112	113	3.756764374295378	0.0442436477465452
1443	109	116	112	113	0.26976822587442056	0.0058414407522639645
1444	82	118	98	102	0.011147026426130515	0.0005042882705999997
1445	80	120	98	102	0.008867019428049619	0.0004229392299852351
1446	86	115	99	102	0.012663609230545244	0.0005562464585623294
1447	84	117	99	102	0.009605272127060794	0.0004497578151462656
1448	94	108	100	102	0.048524735772420405	0.0015623163993696084
1449	90	112	100	102	0.015459402879061782	0.0006484393470119459
1450	100	103	101	102	3.588152327221439	0.042708998223025034
1451	98	105	101	102	0.16321328191385057	0.003969614810811877
1452	96	107	101	102	0.040388206217837286	0.0013567249666204503
1453	106	120	112	114	0.06770276959954144	0.002018206641520884
1454	112	115	113	114	5.4546086472959825	0.058932125312467304
1455	110	117	113	114	0.2877770587283611	0.006138971917330498
1456	108	119	113	114	0.06856736299813987	0.0020379911935962227
1457	93	118	104	107	0.024095380895099237	0.0009120988589791353
1458	91	120	104	107	0.017100800468369894	0.0007007441732247158
1459	99	113	105	107	0.06347956657603182	0.0019207081181175432
1460	97	115	105	107	0.03446205076952094	0.0012009186424153985
1461	95	117	105	107	0.022090313069388134	0.0008531687461475018
1462	103	110	106	107	0.29997809979194806	0.006338099811960352
1463	101	112	106	107	0.0636700998194122	0.0019251384993712805
1464	115	118	116	117	5.5725765306122454	0.0599095155760578
1465	113	120	116	117	0.3057817147571593	0.006432158021284718
