bot 2m.TXT
9575		20230822,111749.3,,,,,,,,,$PDLM2,140052.071,+76.2$PDLMH,140052.371,+45.7,+1.00,+21.1,+0.96,,,,,
9898		20230822,111759.8,,,,,,,,,$PDLM2,140102.771,+68.9,+1.35,+62,140102.871,+68.6,+1.33,+69.5,-3.37,,,
14716		20230822,112035.41,,,,,,,,,$PDLM1,140338.474,+102.8,+1.07,+59.9$PDLMH,140338.574,+62.2,+1.00,+27.4,+0.95,,,
15679		20230822,112106.56,,,,,,,,,$PDLM2,140409.575,+44.9$PDLMH,140409.675,+33.2,+1.00,+18.1,+0.94,,,,,
17608		20230822,112209.17,,,,,,,,,$PDLM1,140511$PDLMH,140512.076,+51.5,+1.00,+22.2,+0.98,,,,,,
20504		20230822,112342.54,,,,,,,,,$PDLM1,140645.478,+85.8,$PDLMH,140645.578,+49.8,+0.99,+21.0,+0.99,,,,
21466		20230822,112413.59,,,,,,,,,$PDLM1,140716.579,+59.9,+1.03,$PDLMH,140716.679,+44.0,+1.00,+26.8,+0.98,,,
22427		20230822,112444.82,,,,,,,,,$PDLM1,140747.679,$PDLMH,140747.879,+51.0,+0.99,+21.9,+0.99,,,,,
25326		20230822,112618.43,,,,,,,,,$PDLMH,140921.381,+51.3,+1.00,+$PDLMH,140921.481,+51.2,+1.00,+22.2,+0.99,,,
26286		20230822,112649.5,,,,,,,,,$PDLM2,14$PDLMH,140952.582,+49.4,+0.99,+19.4,+0.99,,,,,,
27246		20230822,112720.63,,,,,,,,,$PDLM$PDLMH,141023.682,+39.7,+0.99,+22.8,+0.97,,,,,,,
28214		20230822,112752.01,,,,,,,,,$PDLM1,141054.883,+83.2,+1$PDLMH,141054.983,+47.4,+1.00,+19.2,+0.99,,,,
30149		20230822,112854.42,,,,,,,,,$PDLM1,141157.384,+66.6,+1.4,+47.1,+0.99,+27.0,+0.99,,,,,
31110		20230822,112925.46,,,,,,,,,$PDLMH,141228.485,+43.7,+0$PDLMH,141228.585,+44.0,+0.99,+17.5,+1.00,,,,
32068		20230822,112956.58,,,,,,,,,$PDLMH,141259.485,+63.1,+1.00,+26.5,$PDLMH,141259.685,+60.1,+0.99,+24.9,+0.99,,
35930		20230822,113201.39,,,,,,,,,$PDLM2,141504.188,+63.2$PDLMH,141504.388,+45.6,+1.00,+22.8,+0.99,,,,,
81070		20230822,115619.22,,,,,,,,,$PDLM2,143921.415,+73.0$PDLMH,143922.315,+32.3,+0.95,+12.5,+1.04,,,,,

w bot 2m.TXT
5644		20230822,120714.52,,,,,,,,
